16
2 4 6 1 1 1 1 3 5 2 2 2
1 1 1 -1 -2 -3 1 2 3 1 1 1
-1000000000 -1000000000 -1000000000 1 1 1 1000000000 1000000000 1000000000 -1 -1 -1
0 0 0 -1 0 0 1 1 1 1 0 0
-1000000000 -1000000000 -1000000000 2 1 1 1000000000 1000000000 1000000000 -1 -1 -1
-1000000000 -1000000000 -1000000000 1 2 1 1000000000 1000000000 1000000000 -1 -1 -1
-1000000000 -1000000000 -1000000000 1 1 2 1000000000 1000000000 1000000000 -1 -1 -1
-1000000000 -1000000000 -1000000000 1 1 1 1000000000 1000000000 1000000000 -2 -1 -1
-1000000000 -1000000000 -1000000000 1 1 1 1000000000 1000000000 1000000000 -1 -2 -1
-1000000000 -1000000000 -1000000000 1 1 1 1000000000 1000000000 1000000000 -1 -1 -2
1 1 1 10 10 10 -1 -1 -1 -10 -10 -10
0 0 0 10 0 0 10 0 0 -10 0 0
0 0 0 0 10 0 0 10 0 0 -10 0
0 0 0 0 0 10 0 0 10 0 0 -10
0 0 0 10 9 8 50 40 30 5 5 5
0 0 0 -10 -9 -8 -50 -40 -30 -5 -5 -5

