16
5 4 4
1 2
2 3
3 4
4 5
5 4 3
1 2
2 3
3 4
4 5
10 10 8
1 3
2 7
3 5
4 7
5 9
6 1
7 5
8 9
9 6
10 9
15 15 8
1 8
2 8
3 2
4 5
5 8
6 5
7 11
8 9
9 11
10 12
11 5
12 2
13 15
14 5
15 8
25 25 8
1 6
2 14
3 21
4 25
5 14
6 22
7 3
8 14
9 25
10 20
11 24
12 15
13 11
14 13
15 17
16 22
17 5
18 13
19 24
20 18
21 5
22 4
23 13
24 17
25 3
25 34 16
1 12
2 4
3 2
4 1
5 4
6 16
7 19
8 2
9 20
10 7
11 24
12 25
13 2
14 5
15 10
16 25
17 25
18 25
19 20
20 15
21 13
22 15
23 2
24 9
25 5
7 9
9 19
10 17
11 4
15 4
19 25
20 4
22 12
24 17
25 25 32
1 24
2 3
3 25
4 18
5 21
6 19
7 25
8 9
9 21
10 3
11 20
12 22
13 22
14 7
15 6
16 17
17 20
18 7
19 21
20 6
21 14
22 9
23 20
24 10
25 9
50 79 32
1 19
2 38
3 26
4 36
5 2
6 14
7 12
8 14
9 49
10 45
11 34
12 22
13 42
14 11
15 19
16 48
17 43
18 13
19 45
20 33
21 15
22 16
23 9
24 1
25 11
26 17
27 22
28 10
29 50
30 23
31 29
32 39
33 1
34 16
35 40
36 14
37 30
38 3
39 14
40 24
41 39
42 36
43 1
44 6
45 15
46 45
47 20
48 31
49 39
50 4
4 45
6 12
7 47
8 16
9 31
11 18
12 28
13 30
14 43
16 20
18 43
22 23
23 8
25 4
27 13
29 21
30 28
31 3
32 8
34 46
36 3
37 13
39 10
41 48
42 35
44 42
48 38
49 38
50 36
50 50 64
1 7
2 25
3 29
4 11
5 12
6 2
7 33
8 46
9 14
10 19
11 36
12 15
13 38
14 13
15 19
16 9
17 6
18 28
19 13
20 42
21 49
22 33
23 14
24 12
25 22
26 23
27 20
28 2
29 23
30 38
31 11
32 47
33 18
34 23
35 9
36 19
37 6
38 6
39 34
40 26
41 44
42 48
43 16
44 8
45 12
46 36
47 18
48 17
49 13
50 32
100 100 64
1 45
2 28
3 29
4 67
5 1
6 13
7 37
8 29
9 32
10 82
11 64
12 66
13 30
14 63
15 94
16 99
17 25
18 27
19 54
20 27
21 26
22 66
23 80
24 1
25 18
26 1
27 51
28 23
29 86
30 7
31 99
32 82
33 34
34 79
35 49
36 86
37 92
38 37
39 66
40 75
41 71
42 30
43 92
44 100
45 44
46 86
47 51
48 68
49 64
50 4
51 46
52 42
53 70
54 25
55 42
56 39
57 25
58 92
59 61
60 62
61 51
62 11
63 96
64 84
65 90
66 96
67 22
68 33
69 32
70 87
71 7
72 54
73 16
74 99
75 6
76 11
77 36
78 56
79 30
80 51
81 59
82 75
83 92
84 80
85 99
86 33
87 18
88 76
89 25
90 30
91 89
92 75
93 84
94 10
95 82
96 79
97 83
98 66
99 63
100 70
100 110 128
1 11
2 84
3 90
4 52
5 81
6 15
7 48
8 99
9 23
10 81
11 21
12 57
13 59
14 69
15 97
16 42
17 51
18 16
19 94
20 72
21 9
22 48
23 76
24 22
25 90
26 62
27 58
28 66
29 78
30 32
31 77
32 13
33 21
34 28
35 93
36 87
37 86
38 92
39 85
40 9
41 72
42 5
43 65
44 30
45 73
46 13
47 71
48 76
49 28
50 16
51 47
52 88
53 64
54 74
55 9
56 5
57 35
58 18
59 22
60 64
61 49
62 50
63 76
64 21
65 29
66 68
67 7
68 15
69 11
70 91
71 75
72 82
73 48
74 39
75 63
76 20
77 3
78 86
79 47
80 82
81 1
82 45
83 69
84 16
85 18
86 29
87 72
88 5
89 46
90 94
91 68
92 94
93 43
94 44
95 14
96 24
97 63
98 72
99 38
100 26
12 62
29 64
35 7
37 9
43 54
57 22
65 81
78 56
86 7
93 27
100 177 32
1 94
2 92
3 43
4 89
5 47
6 21
7 55
8 26
9 76
10 40
11 23
12 85
13 74
14 55
15 72
16 9
17 76
18 55
19 11
20 38
21 11
22 67
23 65
24 97
25 3
26 99
27 39
28 66
29 6
30 34
31 80
32 51
33 77
34 75
35 39
36 23
37 95
38 46
39 48
40 22
41 37
42 23
43 7
44 62
45 29
46 78
47 70
48 4
49 32
50 32
51 94
52 94
53 98
54 58
55 91
56 52
57 8
58 81
59 70
60 13
61 14
62 49
63 16
64 42
65 54
66 17
67 69
68 51
69 16
70 91
71 87
72 38
73 49
74 100
75 67
76 26
77 21
78 22
79 9
80 52
81 15
82 2
83 49
84 25
85 44
86 1
87 32
88 76
89 22
90 97
91 41
92 70
93 64
94 83
95 45
96 17
97 51
98 65
99 20
100 66
2 55
3 6
4 55
5 6
6 22
7 80
8 78
9 95
10 30
11 10
13 94
14 78
15 86
16 89
17 30
18 69
19 65
20 51
21 17
22 57
23 73
25 80
26 39
27 17
28 49
29 89
30 33
33 68
34 7
35 88
36 25
37 10
38 42
39 82
40 83
41 74
42 60
43 77
45 65
46 89
47 86
48 10
53 18
54 23
55 51
57 48
58 92
59 15
60 50
61 8
63 23
64 22
65 40
66 62
67 90
69 88
70 2
72 23
74 7
75 8
76 62
77 31
78 69
79 55
81 65
82 51
84 80
88 28
89 45
91 64
92 65
93 6
95 33
96 40
98 56
99 32
100 31
100 100 16
1 97
2 39
3 2
4 69
5 82
6 38
7 56
8 29
9 80
10 8
11 90
12 29
13 6
14 84
15 84
16 74
17 7
18 27
19 30
20 58
21 100
22 51
23 34
24 67
25 48
26 40
27 99
28 48
29 77
30 47
31 77
32 25
33 85
34 79
35 94
36 19
37 68
38 1
39 47
40 47
41 60
42 88
43 76
44 65
45 23
46 59
47 38
48 29
49 38
50 67
51 38
52 37
53 69
54 71
55 56
56 16
57 62
58 54
59 63
60 90
61 52
62 92
63 15
64 89
65 22
66 60
67 7
68 89
69 12
70 53
71 35
72 71
73 92
74 62
75 35
76 14
77 73
78 72
79 95
80 62
81 90
82 32
83 50
84 58
85 55
86 5
87 73
88 16
89 10
90 88
91 58
92 14
93 79
94 24
95 2
96 52
97 83
98 8
99 40
100 46
100 100 8
1 25
2 84
3 52
4 78
5 95
6 78
7 49
8 34
9 79
10 37
11 12
12 69
13 77
14 20
15 3
16 60
17 20
18 95
19 21
20 42
21 17
22 30
23 31
24 51
25 5
26 61
27 37
28 26
29 25
30 71
31 50
32 8
33 22
34 27
35 54
36 51
37 39
38 30
39 15
40 50
41 50
42 91
43 70
44 52
45 50
46 41
47 46
48 23
49 82
50 19
51 39
52 64
53 49
54 41
55 20
56 10
57 78
58 45
59 34
60 48
61 94
62 93
63 21
64 72
65 99
66 71
67 98
68 89
69 100
70 12
71 39
72 49
73 55
74 60
75 52
76 56
77 52
78 98
79 78
80 33
81 16
82 68
83 48
84 16
85 9
86 67
87 25
88 86
89 11
90 10
91 85
92 56
93 55
94 5
95 27
96 53
97 27
98 76
99 41
100 79
100 100 1
1 37
2 40
3 47
4 100
5 57
6 28
7 99
8 98
9 74
10 96
11 79
12 81
13 10
14 45
15 36
16 87
17 96
18 74
19 29
20 37
21 34
22 52
23 35
24 94
25 48
26 43
27 69
28 52
29 45
30 80
31 40
32 84
33 78
34 39
35 92
36 5
37 38
38 89
39 30
40 85
41 20
42 10
43 47
44 64
45 97
46 85
47 11
48 70
49 13
50 47
51 42
52 98
53 98
54 76
55 43
56 97
57 70
58 12
59 100
60 67
61 43
62 40
63 50
64 20
65 78
66 42
67 77
68 67
69 82
70 6
71 4
72 1
73 68
74 50
75 64
76 64
77 34
78 75
79 34
80 98
81 73
82 75
83 95
84 71
85 3
86 38
87 67
88 24
89 49
90 67
91 90
92 43
93 58
94 92
95 62
96 35
97 33
98 38
99 54
100 14
100 100 1
1 46
2 19
3 92
4 92
5 96
6 29
7 31
8 41
9 12
10 46
11 73
12 2
13 88
14 8
15 72
16 74
17 70
18 5
19 91
20 58
21 43
22 75
23 49
24 18
25 85
26 52
27 85
28 97
29 46
30 66
31 94
32 16
33 10
34 85
35 11
36 38
37 16
38 52
39 49
40 61
41 76
42 2
43 73
44 16
45 62
46 96
47 89
48 31
49 53
50 79
51 41
52 95
53 6
54 41
55 65
56 90
57 92
58 49
59 38
60 37
61 14
62 32
63 4
64 75
65 16
66 14
67 64
68 31
69 17
70 65
71 43
72 93
73 66
74 60
75 79
76 63
77 48
78 62
79 15
80 79
81 54
82 10
83 36
84 94
85 26
86 25
87 85
88 74
89 62
90 73
91 39
92 45
93 76
94 14
95 61
96 89
97 77
98 43
99 58
100 41
