5 8
5 G
2 G
3 G
1 R
4 R
4 5
3 5
2 5
1 2
1 3
1 4
3 4
2 3
1 5
2 1
1 G
2 G
1 2
1 2
2 1
1 R
2 R
1 2
1 2
3 3
1 R
2 G
3 R
1 2
2 3
1 3
1 3
100 99
1 G
2 G
3 G
4 G
5 G
6 G
7 G
8 G
9 G
10 G
11 G
12 G
13 G
14 G
15 G
16 G
17 G
18 G
19 G
20 G
21 G
22 G
23 G
24 G
25 G
26 G
27 G
28 G
29 G
30 G
31 G
32 G
33 G
34 G
35 G
36 G
37 G
38 G
39 G
40 G
41 G
42 G
43 G
44 G
45 G
46 G
47 G
48 G
49 G
50 G
51 G
52 G
53 G
54 G
55 G
56 G
57 G
58 G
59 G
60 G
61 G
62 G
63 G
64 G
65 G
66 G
67 G
68 G
69 G
70 G
71 G
72 G
73 G
74 G
75 G
76 G
77 G
78 G
79 G
80 G
81 G
82 G
83 G
84 G
85 G
86 G
87 G
88 G
89 G
90 G
91 G
92 G
93 G
94 G
95 G
96 G
97 G
98 G
99 G
100 G
1 2
2 3
3 4
4 5
5 6
6 7
7 8
8 9
9 10
10 11
11 12
12 13
13 14
14 15
15 16
16 17
17 18
18 19
19 20
20 21
21 22
22 23
23 24
24 25
25 26
26 27
27 28
28 29
29 30
30 31
31 32
32 33
33 34
34 35
35 36
36 37
37 38
38 39
39 40
40 41
41 42
42 43
43 44
44 45
45 46
46 47
47 48
48 49
49 50
50 51
51 52
52 53
53 54
54 55
55 56
56 57
57 58
58 59
59 60
60 61
61 62
62 63
63 64
64 65
65 66
66 67
67 68
68 69
69 70
70 71
71 72
72 73
73 74
74 75
75 76
76 77
77 78
78 79
79 80
80 81
81 82
82 83
83 84
84 85
85 86
86 87
87 88
88 89
89 90
90 91
91 92
92 93
93 94
94 95
95 96
96 97
97 98
98 99
99 100
1 100
0 0