3 3
3
1 2 2
2 3 3
1 3 1
3 2
3
1 2 1
2 3 1
5 5
5
1 2 1
2 3 1
3 4 1
4 5 1
2 5 1
6 6
6
1 2 2
1 3 1
2 4 1
3 5 1
4 6 1
5 6 1
3 0
2
6 9
6
1 2 3
1 4 2
2 3 4
3 5 2
3 6 1
4 2 1
4 3 2
4 5 3
5 6 2
27 277
7
11 27 86
23 27 25
15 27 54
18 27 73
1 27 72
8 27 30
12 27 17
17 27 38
4 27 74
14 27 57
7 27 72
3 27 78
2 27 10
5 27 19
12 26 66
18 26 93
22 26 52
20 26 18
6 26 53
5 26 56
3 26 40
9 26 49
7 26 35
11 26 28
15 26 99
2 26 19
1 26 80
8 26 17
22 25 5
21 25 96
18 25 63
4 25 88
9 25 81
17 25 43
13 25 71
2 25 3
10 25 67
8 25 12
6 25 54
1 25 60
3 25 42
1 24 1
12 24 61
14 24 89
9 24 51
18 24 56
7 24 26
3 24 47
8 24 64
2 24 62
10 24 21
5 24 99
4 23 40
12 23 98
1 23 38
17 23 46
3 23 21
7 23 74
11 23 36
6 23 71
9 23 38
8 23 9
2 23 99
17 22 95
4 22 80
3 22 29
11 22 97
15 22 71
12 22 25
5 22 89
8 22 25
6 22 98
2 22 18
1 22 71
2 21 73
6 21 66
8 21 49
16 21 5
7 21 49
9 21 87
5 21 83
1 21 74
4 21 58
5 20 46
16 20 52
10 20 70
14 20 73
2 20 15
7 20 29
12 20 5
6 20 13
4 20 4
3 20 40
1 20 96
7 19 45
16 19 71
5 19 50
13 19 69
2 19 95
4 19 42
12 19 76
8 19 1
1 19 57
8 18 13
11 18 37
2 18 12
6 18 66
9 18 21
7 18 60
4 18 66
1 18 2
13 17 43
4 17 19
11 17 82
3 17 11
9 17 68
1 17 57
6 17 84
2 17 38
6 16 28
11 16 67
7 16 73
8 16 6
2 16 80
3 16 51
4 16 10
1 16 20
13 15 84
10 15 43
5 15 97
1 15 22
7 15 89
4 15 15
3 15 11
1 14 90
11 14 65
10 14 72
2 14 19
8 14 44
4 14 67
3 14 94
2 13 81
11 13 4
9 13 40
7 13 7
1 13 90
5 13 36
6 13 4
3 12 85
1 12 30
6 12 94
5 12 84
4 12 40
2 12 71
4 11 82
6 11 3
7 11 78
2 11 45
1 11 24
9 10 99
2 10 61
6 10 33
4 10 23
1 10 99
2 9 29
6 9 26
1 9 93
7 8 53
6 8 61
5 8 24
2 8 73
3 8 24
1 8 31
6 7 70
1 7 41
3 7 37
4 6 41
2 6 62
1 6 65
1 5 6
2 5 55
2 4 17
1 4 16
2 3 90
1 3 14
1 2 58
19 26 9
10 26 75
4 26 95
24 25 16
7 25 37
5 25 32
11 24 67
16 24 67
6 24 91
13 24 68
4 24 36
21 23 89
20 23 73
16 23 93
15 23 40
13 23 21
13 22 50
7 22 42
18 21 25
17 21 6
15 21 9
3 21 37
10 21 2
9 20 51
15 20 98
11 20 99
8 20 1
14 19 83
11 19 63
6 19 52
3 19 6
16 18 4
5 18 81
3 18 7
16 17 64
8 17 86
7 17 73
5 16 43
13 16 63
9 16 22
6 15 73
11 15 33
8 15 73
5 14 15
9 14 32
4 13 64
3 13 31
7 12 47
3 11 98
7 10 80
3 10 96
3 9 85
4 9 27
5 9 61
2 7 14
4 7 84
3 6 74
16 26 7
13 26 47
20 25 21
16 25 68
11 25 83
17 24 77
5 23 43
10 23 78
10 22 38
9 22 36
20 21 7
11 21 2
17 19 13
10 19 11
9 19 33
5 17 19
12 17 13
2 15 12
13 14 16
6 14 11
8 13 48
9 12 58
8 12 75
8 11 9
5 11 19
7 9 5
3 5 21
3 4 55
17 26 74
14 25 65
12 25 96
23 24 27
12 21 45
13 21 63
87 826
69
46 87 47
30 87 98
80 87 31
47 87 46
34 87 39
76 87 96
57 87 39
53 87 99
72 87 62
61 87 68
67 87 63
42 87 11
10 87 6
39 87 84
58 87 54
32 87 62
59 87 30
29 87 91
48 87 32
8 87 31
60 87 96
20 87 71
55 87 36
4 87 89
24 87 18
12 87 4
19 87 69
41 87 50
49 87 39
31 87 78
17 87 53
3 87 20
33 87 16
2 87 10
14 87 74
7 87 93
15 87 24
6 87 37
21 87 97
27 87 41
13 87 11
18 87 15
1 87 63
11 87 52
5 87 67
18 86 45
13 86 43
19 86 59
55 86 67
26 86 68
11 86 80
34 86 60
40 86 99
20 86 17
70 86 99
62 86 23
15 86 97
43 86 16
7 86 19
30 86 81
25 86 19
5 86 30
56 86 7
63 86 27
39 86 95
29 86 42
41 86 87
58 86 77
2 86 95
12 86 14
8 86 75
33 86 48
1 86 11
42 86 47
3 86 13
9 86 31
6 86 59
23 86 59
14 86 12
4 86 26
24 86 78
21 86 57
19 85 64
66 85 8
12 85 65
44 85 89
15 85 95
20 85 30
16 85 99
57 85 68
21 85 12
56 85 56
40 85 45
41 85 27
42 85 77
71 85 46
36 85 27
11 85 68
49 85 14
27 85 60
7 85 24
48 85 41
45 85 48
52 85 97
3 85 41
43 85 19
46 85 47
8 85 59
31 85 55
25 85 62
32 85 97
28 85 97
18 85 12
2 85 38
24 85 30
6 85 52
26 85 55
10 85 90
4 85 46
13 85 59
5 85 52
9 85 91
1 85 98
4 84 86
22 84 98
69 84 33
14 84 28
15 84 30
55 84 90
76 84 66
11 84 12
53 84 35
46 84 60
33 84 50
54 84 64
38 84 37
21 84 33
39 84 63
59 84 35
37 84 66
52 84 99
61 84 34
1 84 71
49 84 7
17 84 67
31 84 29
42 84 87
26 84 50
7 84 87
29 84 3
28 84 32
41 84 66
32 84 24
5 84 6
9 84 90
27 84 76
24 84 93
16 84 79
19 84 95
20 84 58
2 84 52
3 84 27
18 84 51
10 84 39
6 84 53
13 84 62
29 83 73
75 83 85
60 83 63
59 83 59
45 83 15
58 83 75
51 83 53
50 83 7
16 83 42
42 83 31
12 83 32
61 83 93
1 83 93
41 83 34
34 83 48
33 83 72
56 83 48
5 83 1
31 83 6
23 83 82
10 83 46
22 83 80
2 83 46
53 83 90
30 83 35
6 83 61
4 83 8
7 83 70
9 83 81
26 83 20
32 83 5
8 83 14
25 83 9
18 83 72
15 83 91
11 83 76
28 83 91
17 83 50
13 83 56
19 83 77
3 83 74
44 82 33
9 82 50
74 82 30
61 82 2
76 82 88
18 82 25
20 82 14
50 82 52
67 82 7
14 82 99
17 82 12
5 82 88
28 82 29
31 82 2
21 82 7
12 82 62
24 82 43
26 82 26
59 82 86
2 82 50
37 82 1
8 82 43
4 82 70
35 82 69
46 82 4
32 82 72
43 82 63
42 82 97
41 82 81
45 82 43
22 82 46
6 82 42
36 82 59
13 82 16
16 82 84
10 82 39
25 82 27
19 82 68
11 82 15
3 82 40
1 82 9
18 81 52
27 81 26
30 81 12
70 81 39
61 81 40
13 81 48
67 81 99
20 81 14
51 81 45
55 81 81
48 81 7
38 81 8
4 81 60
50 81 57
58 81 22
39 81 77
5 81 6
11 81 21
56 81 33
1 81 52
19 81 41
41 81 60
25 81 88
42 81 77
24 81 16
15 81 1
16 81 34
33 81 21
17 81 16
14 81 18
12 81 7
22 81 79
3 81 1
6 81 44
23 81 83
7 81 95
8 81 44
2 81 29
1 80 81
71 80 82
35 80 59
62 80 52
21 80 25
44 80 63
59 80 35
12 80 16
57 80 57
52 80 59
67 80 37
36 80 78
14 80 63
4 80 69
25 80 51
41 80 68
43 80 33
18 80 29
37 80 22
15 80 29
50 80 9
26 80 72
32 80 62
33 80 3
3 80 57
39 80 57
20 80 6
29 80 72
19 80 42
30 80 72
8 80 49
11 80 70
16 80 43
27 80 34
5 80 5
23 80 74
17 80 37
2 80 13
10 80 25
7 80 43
6 80 24
37 79 21
45 79 67
59 79 3
1 79 14
33 79 49
47 79 43
42 79 55
20 79 7
44 79 9
38 79 1
6 79 37
36 79 58
13 79 83
49 79 31
50 79 76
34 79 25
53 79 67
55 79 73
15 79 22
26 79 79
10 79 64
23 79 70
16 79 85
18 79 40
5 79 85
30 79 81
14 79 57
25 79 1
24 79 19
21 79 66
32 79 29
9 79 4
28 79 27
2 79 73
4 79 85
7 79 75
11 79 98
3 79 87
56 78 94
48 78 42
53 78 49
44 78 6
38 78 18
35 78 34
33 78 91
27 78 35
23 78 61
9 78 76
45 78 83
31 78 4
20 78 6
22 78 10
32 78 24
42 78 8
30 78 48
5 78 48
29 78 34
8 78 89
46 78 98
26 78 6
1 78 94
3 78 87
24 78 50
17 78 91
4 78 76
10 78 79
18 78 29
13 78 85
7 78 2
21 78 26
14 78 2
2 78 98
16 78 5
6 78 36
12 78 16
6 77 9
12 77 73
33 77 67
37 77 40
34 77 7
30 77 65
32 77 5
15 77 6
60 77 78
38 77 32
56 77 67
36 77 21
51 77 59
50 77 34
48 77 12
41 77 67
43 77 66
8 77 75
20 77 57
7 77 97
40 77 78
11 77 82
9 77 46
16 77 20
28 77 18
1 77 30
3 77 65
5 77 97
26 77 59
18 77 95
35 77 51
29 77 80
13 77 12
4 77 76
24 77 40
17 77 21
14 77 98
2 77 32
4 76 91
35 76 40
30 76 64
7 76 75
54 76 25
62 76 49
29 76 97
25 76 43
65 76 53
51 76 22
53 76 3
8 76 46
45 76 22
46 76 93
40 76 92
42 76 45
37 76 14
12 76 39
48 76 62
50 76 94
33 76 82
21 76 46
43 76 29
5 76 29
34 76 93
17 76 78
22 76 36
19 76 45
13 76 36
9 76 11
1 76 75
24 76 87
28 76 62
3 76 28
26 76 5
11 76 36
15 76 1
14 76 41
2 76 23
16 76 74
10 76 45
6 76 32
66 75 67
10 75 78
45 75 75
46 75 23
4 75 35
27 75 83
2 75 71
24 75 12
9 75 49
32 75 65
25 75 51
7 75 38
23 75 7
12 75 9
50 75 81
15 75 91
37 75 7
47 75 74
18 75 99
20 75 4
31 75 1
43 75 88
5 75 86
26 75 1
3 75 97
33 75 20
21 75 22
11 75 80
22 75 58
17 75 24
14 75 15
1 75 63
8 75 78
13 75 56
6 75 49
12 74 25
37 74 3
30 74 72
7 74 32
34 74 56
8 74 11
49 74 74
22 74 60
14 74 56
43 74 89
31 74 18
6 74 40
61 74 17
54 74 89
1 74 70
26 74 47
36 74 45
50 74 8
46 74 26
10 74 52
5 74 71
9 74 35
45 74 38
3 74 31
28 74 20
2 74 38
15 74 63
39 74 59
11 74 92
17 74 72
19 74 69
4 74 47
18 74 18
13 74 89
24 74 72
16 74 39
9 73 32
33 73 78
35 73 33
37 73 67
1 73 3
3 73 90
30 73 77
52 73 77
12 73 61
46 73 31
36 73 57
24 73 97
23 73 27
44 73 71
25 73 17
26 73 27
38 73 96
42 73 4
19 73 8
10 73 57
16 73 89
13 73 94
31 73 53
8 73 10
21 73 60
29 73 66
34 73 80
5 73 10
2 73 7
14 73 11
18 73 58
27 73 91
6 73 42
15 73 8
22 73 17
7 73 64
4 73 10
11 72 92
35 72 95
28 72 12
20 72 98
45 72 82
8 72 69
32 72 27
64 72 61
60 72 18
37 72 56
41 72 34
29 72 16
59 72 20
24 72 54
43 72 5
27 72 48
33 72 9
47 72 87
49 72 93
30 72 62
9 72 35
31 72 46
38 72 81
16 72 52
36 72 90
22 72 79
4 72 97
18 72 60
7 72 78
13 72 4
15 72 87
19 72 66
25 72 48
21 72 48
23 72 92
12 72 30
3 72 90
2 72 58
5 72 92
6 72 28
1 72 82
49 71 84
9 71 33
67 71 51
29 71 61
19 71 68
47 71 73
33 71 49
6 71 98
30 71 64
2 71 24
17 71 95
10 71 76
5 71 36
39 71 86
40 71 14
16 71 15
28 71 68
45 71 77
43 71 68
48 71 99
35 71 5
1 71 32
3 71 41
24 71 85
14 71 37
21 71 64
18 71 77
32 71 53
13 71 65
20 71 23
23 71 36
25 71 58
7 71 46
12 71 43
15 71 46
4 71 72
3 70 81
59 70 93
39 70 33
50 70 27
36 70 66
1 70 63
47 70 31
2 70 99
25 70 28
45 70 23
27 70 82
51 70 89
31 70 71
43 70 49
46 70 94
10 70 41
7 70 92
21 70 75
23 70 15
40 70 29
37 70 39
38 70 85
16 70 95
5 70 95
14 70 37
22 70 44
19 70 47
4 70 99
9 70 66
17 70 94
18 70 33
6 70 21
12 70 68
55 69 91
1 69 79
57 69 81
37 69 28
60 69 71
34 69 2
32 69 11
7 69 21
40 69 16
16 69 35
27 69 86
13 69 72
42 69 33
43 69 2
25 69 26
20 69 20
51 69 71
41 69 43
46 69 58
10 69 87
23 69 30
19 69 1
38 69 4
36 69 92
8 69 83
18 69 55
4 69 93
21 69 78
28 69 55
29 69 98
12 69 34
11 69 42
22 69 37
2 69 88
15 69 71
6 69 27
3 69 17
3 68 59
37 68 43
31 68 80
46 68 57
63 68 95
43 68 49
18 68 36
4 68 33
25 68 12
26 68 5
33 68 11
49 68 63
35 68 85
8 68 77
23 68 31
12 68 75
38 68 34
17 68 79
29 68 74
15 68 96
32 68 21
36 68 79
16 68 61
20 68 89
13 68 89
1 68 14
2 68 71
9 68 95
6 68 60
14 68 10
24 68 48
11 68 98
10 68 9
7 68 78
5 68 38
41 67 38
48 67 68
43 67 22
57 67 94
23 67 93
25 67 39
24 67 62
17 67 17
8 67 14
47 67 41
9 67 89
1 67 16
29 67 25
45 67 7
42 67 91
27 67 77
7 67 34
6 67 98
35 67 62
15 67 77
19 67 14
31 67 48
28 67 94
26 67 59
32 67 80
21 67 82
16 67 14
3 67 13
18 67 79
11 67 16
14 67 66
2 67 60
13 67 20
12 67 56
4 67 27
35 66 56
6 66 37
15 66 7
27 66 39
24 66 55
2 66 63
57 66 67
48 66 58
51 66 62
39 66 97
11 66 77
47 66 37
42 66 34
33 66 95
26 66 11
36 66 61
34 66 47
23 66 91
3 66 41
52 658
13
2 52 5
12 52 53
22 52 73
36 52 34
11 52 93
32 52 74
41 52 41
43 52 78
5 52 82
35 52 98
26 52 41
17 52 44
38 52 24
8 52 73
6 52 52
33 52 41
25 52 36
1 52 44
29 52 93
3 52 86
16 52 65
7 52 74
10 52 15
20 52 60
21 52 55
9 52 43
14 52 93
13 52 63
4 52 47
36 51 16
11 51 4
42 51 45
14 51 5
27 51 47
10 51 48
23 51 43
16 51 38
21 51 78
37 51 60
25 51 20
13 51 31
32 51 50
9 51 16
6 51 47
18 51 62
19 51 71
3 51 15
7 51 78
24 51 40
1 51 35
8 51 33
17 51 10
4 51 5
2 51 99
5 51 94
9 50 49
1 50 13
41 50 29
29 50 48
45 50 31
24 50 57
3 50 49
42 50 55
23 50 94
32 50 65
38 50 49
31 50 4
7 50 16
2 50 42
21 50 18
17 50 27
6 50 37
26 50 81
25 50 62
8 50 57
14 50 18
13 50 60
10 50 92
5 50 90
4 50 31
5 49 12
20 49 59
14 49 28
10 49 30
4 49 21
28 49 32
41 49 66
9 49 49
17 49 70
29 49 88
32 49 95
35 49 10
30 49 96
26 49 65
3 49 77
18 49 66
24 49 99
7 49 76
1 49 85
12 49 63
15 49 51
2 49 22
6 49 2
29 48 55
17 48 26
22 48 82
10 48 38
1 48 79
20 48 69
16 48 28
28 48 59
4 48 13
2 48 50
32 48 74
14 48 28
5 48 15
24 48 98
6 48 19
12 48 84
8 48 67
11 48 89
3 48 33
39 47 2
1 47 68
27 47 4
43 47 67
33 47 56
12 47 60
11 47 35
3 47 52
28 47 70
15 47 98
17 47 75
32 47 36
7 47 65
26 47 59
10 47 78
21 47 80
22 47 35
6 47 44
13 47 32
4 47 63
18 47 71
8 47 7
9 47 77
2 47 37
5 47 56
35 46 27
38 46 13
36 46 94
8 46 96
20 46 31
24 46 50
32 46 35
6 46 64
28 46 2
26 46 23
11 46 32
12 46 64
17 46 82
14 46 61
15 46 42
19 46 61
5 46 16
7 46 62
4 46 62
2 46 95
10 46 6
1 46 88
4 45 79
12 45 64
37 45 13
3 45 69
20 45 39
25 45 55
15 45 91
24 45 11
21 45 57
34 45 86
27 45 34
16 45 27
1 45 43
14 45 53
22 45 54
18 45 9
17 45 39
9 45 58
6 45 34
13 45 96
10 45 19
8 45 52
5 45 29
2 45 46
14 44 94
20 44 78
25 44 96
8 44 93
22 44 17
9 44 50
29 44 93
1 44 90
23 44 5
18 44 62
24 44 3
5 44 9
4 44 45
10 44 88
26 44 8
17 44 53
11 44 34
21 44 55
15 44 88
6 44 71
2 44 28
7 44 97
3 44 35
7 43 66
4 43 48
27 43 86
26 43 39
16 43 54
8 43 72
21 43 51
19 43 92
22 43 18
25 43 72
29 43 67
5 43 23
2 43 93
12 43 64
9 43 26
10 43 22
14 43 94
1 43 63
3 43 32
33 42 73
39 42 27
32 42 51
37 42 84
15 42 42
1 42 25
2 42 26
3 42 59
8 42 75
9 42 66
26 42 60
23 42 59
18 42 99
20 42 28
10 42 65
16 42 41
4 42 93
12 42 10
14 42 71
13 42 27
7 42 51
5 42 36
3 41 30
18 41 39
5 41 49
24 41 18
8 41 98
6 41 42
21 41 82
25 41 90
12 41 86
2 41 74
11 41 16
23 41 63
16 41 85
17 41 29
4 41 54
13 41 35
10 41 25
1 41 17
24 40 77
17 40 44
12 40 66
28 40 45
16 40 67
18 40 91
6 40 81
4 40 72
27 40 65
25 40 64
10 40 46
3 40 11
21 40 19
11 40 69
5 40 66
7 40 68
8 40 33
1 40 69
2 40 47
11 39 6
4 39 75
22 39 11
9 39 88
13 39 63
24 39 22
8 39 23
27 39 74
2 39 28
17 39 96
20 39 37
6 39 64
19 39 11
1 39 58
15 39 34
10 39 2
7 39 19
3 39 79
26 38 37
33 38 65
2 38 45
8 38 26
32 38 4
4 38 4
9 38 78
10 38 34
14 38 1
15 38 47
3 38 22
11 38 42
17 38 18
12 38 6
6 38 79
7 38 31
1 38 20
33 37 95
28 37 46
10 37 40
9 37 91
15 37 38
20 37 94
30 37 68
25 37 54
18 37 85
17 37 43
5 37 41
6 37 40
1 37 80
4 37 3
11 37 17
13 37 54
7 37 61
8 37 64
3 37 3
2 37 94
15 36 29
29 36 39
19 36 56
27 36 59
17 36 73
6 36 55
10 36 20
8 36 36
13 36 10
16 36 71
9 36 10
4 36 93
14 36 86
2 36 64
1 36 99
3 36 78
7 36 3
5 36 1
5 35 61
27 35 37
29 35 21
13 35 76
7 35 64
22 35 99
1 35 60
24 35 91
21 35 94
2 35 91
17 35 49
3 35 70
18 35 98
14 35 2
6 35 9
4 35 21
8 35 60
25 34 42
21 34 15
26 34 19
17 34 27
1 34 3
7 34 89
9 34 27
11 34 11
5 34 83
19 34 25
8 34 54
3 34 89
12 34 51
13 34 77
4 34 39
6 34 14
2 34 67
20 33 50
14 33 94
13 33 81
9 33 75
28 33 94
27 33 43
16 33 60
24 33 83
8 33 19
4 33 46
1 33 97
12 33 77
7 33 89
11 33 9
10 33 73
2 33 83
5 33 23
3 33 24
12 32 92
10 32 2
5 32 8
13 32 14
4 32 85
21 32 79
22 32 5
14 32 76
15 32 37
9 32 97
1 32 97
2 32 82
3 32 51
7 32 40
6 32 27
22 31 5
28 31 4
9 31 17
26 31 97
5 31 90
1 31 15
10 31 80
11 31 3
2 31 6
15 31 21
14 31 79
12 31 42
13 31 77
4 31 88
7 31 67
6 31 59
3 31 68
7 30 45
26 30 50
22 30 43
19 30 73
6 30 87
15 30 18
8 30 32
14 30 90
1 30 63
3 30 85
16 30 80
13 30 25
5 30 82
4 30 91
2 30 57
5 29 82
22 29 57
15 29 70
4 29 28
6 29 62
23 29 62
19 29 92
20 29 22
2 29 65
12 29 85
7 29 83
1 29 84
14 29 73
3 29 21
8 29 98
9 29 75
13 28 5
3 28 65
14 28 91
7 28 74
6 28 16
18 28 64
12 28 85
15 28 25
16 28 69
4 28 10
5 28 74
10 28 29
2 28 14
11 28 46
1 28 97
26 27 78
23 27 95
1 27 95
20 27 60
14 27 52
4 27 5
13 27 33
7 27 56
3 27 42
9 27 49
5 27 5
17 26 75
15 26 62
14 26 61
8 26 82
9 26 63
1 26 76
12 26 11
2 26 39
7 26 95
4 26 10
6 26 49
3 26 46
14 25 21
23 25 11
2 25 91
8 25 73
16 25 64
15 25 18
4 25 27
12 25 74
11 25 32
7 25 63
1 25 92
9 25 35
5 25 16
3 25 19
17 24 71
9 24 12
2 24 95
11 24 5
7 24 38
4 24 42
5 24 33
8 24 65
3 24 30
6 24 90
1 24 23
16 23 96
6 23 40
9 23 58
17 23 96
12 23 20
3 23 95
4 23 22
8 23 14
1 23 52
5 23 26
2 23 56
6 22 90
13 22 52
8 22 99
4 22 91
11 22 87
2 22 90
3 22 57
5 22 17
1 22 43
10 21 50
1 21 31
15 21 31
3 21 6
8 21 13
11 21 11
7 21 35
2 21 70
6 21 75
4 21 38
5 21 48
18 20 38
6 20 64
8 20 23
3 20 49
13 20 14
5 20 99
12 20 94
2 20 17
4 20 13
1 20 59
11 19 48
9 19 41
16 19 5
6 19 37
14 19 52
13 19 15
3 19 30
5 19 97
4 19 79
2 19 38
1 19 57
10 18 54
9 18 29
14 18 45
2 18 44
8 18 10
4 18 52
6 18 60
1 18 49
7 17 20
8 17 53
3 17 12
2 17 52
12 17 25
1 17 42
9 17 73
4 17 66
6 17 30
5 16 77
13 16 76
7 16 73
4 16 66
2 16 95
3 16 48
1 16 6
14 15 30
7 15 76
12 15 66
10 15 32
1 15 46
8 15 59
4 15 33
2 15 34
3 15 80
13 14 59
10 14 12
3 14 6
2 14 94
1 14 75
5 14 46
5 13 87
1 13 8
7 13 53
3 13 78
2 13 19
10 12 87
4 12 7
6 12 21
3 12 61
2 12 31
1 12 12
6 11 63
4 11 98
5 11 52
1 11 7
3 11 26
2 11 82
2 10 83
3 10 77
5 10 45
1 10 64
3 9 31
32 288
20
11 32 29
25 32 57
16 32 61
20 32 60
22 32 76
3 32 37
9 32 63
18 32 64
12 32 15
17 32 87
5 32 41
2 32 79
1 32 71
7 32 74
6 32 20
4 32 44
21 31 29
1 31 4
25 31 52
19 31 42
8 31 4
23 31 71
9 31 21
17 31 33
2 31 95
11 31 2
18 31 58
5 31 53
15 31 88
10 31 88
6 31 86
4 31 81
3 31 89
1 30 70
7 30 75
16 30 61
21 30 23
20 30 33
19 30 49
6 30 58
13 30 89
4 30 34
11 30 48
2 30 70
8 30 70
9 30 22
3 30 36
5 30 4
25 29 7
8 29 60
20 29 13
9 29 73
10 29 20
11 29 17
7 29 29
21 29 34
1 29 94
14 29 56
2 29 71
6 29 88
3 29 32
4 29 45
11 28 12
9 28 29
6 28 24
1 28 28
5 28 10
2 28 82
8 28 54
16 28 90
13 28 7
3 28 1
7 28 75
4 28 49
5 27 67
25 27 62
14 27 84
16 27 81
10 27 42
4 27 15
1 27 23
7 27 37
3 27 41
6 27 18
8 27 41
2 27 1
24 26 15
11 26 96
10 26 58
14 26 47
16 26 46
5 26 42
17 26 27
3 26 82
7 26 10
13 26 50
2 26 41
4 26 18
1 26 14
6 26 92
22 25 22
16 25 18
11 25 57
7 25 73
17 25 72
6 25 58
2 25 25
5 25 51
3 25 72
9 25 73
12 25 75
4 25 87
1 25 53
6 24 26
4 24 47
3 24 67
11 24 68
1 24 98
7 24 4
14 24 75
8 24 53
12 24 1
5 24 45
2 24 14
5 23 14
3 23 23
10 23 20
9 23 44
14 23 87
16 23 6
11 23 48
1 23 67
4 23 46
2 23 6
19 22 87
8 22 52
12 22 72
14 22 98
10 22 54
16 22 12
6 22 55
11 22 75
4 22 91
1 22 60
3 22 61
2 22 59
7 22 2
5 22 56
18 21 26
17 21 16
10 21 95
12 21 36
5 21 62
14 21 80
8 21 32
4 21 16
11 21 12
2 21 25
6 21 95
1 21 92
3 21 40
5 20 50
15 20 28
6 20 32
13 20 77
4 20 92
7 20 77
3 20 89
9 20 89
2 20 85
1 20 17
14 19 13
3 19 35
10 19 74
12 19 12
7 19 3
5 19 19
1 19 87
2 19 73
7 18 71
14 18 15
1 18 55
3 18 53
5 18 81
8 18 24
2 18 41
4 18 75
10 17 24
13 17 85
11 17 64
3 17 80
8 17 82
6 17 62
1 17 53
2 17 5
11 16 65
7 16 88
10 16 13
8 16 45
4 16 12
5 16 64
1 16 63
2 16 46
3 15 37
11 15 20
9 15 52
1 15 72
6 15 90
7 15 74
2 15 99
4 15 75
4 14 92
7 14 90
9 14 87
3 14 19
6 14 78
1 14 38
2 14 23
11 13 52
7 13 11
6 13 12
1 13 82
2 13 88
4 13 96
3 12 78
9 12 53
4 12 86
6 12 94
5 12 22
1 12 25
8 11 43
1 11 73
3 11 8
2 11 56
3 10 93
4 10 85
6 10 4
1 10 7
2 10 17
8 9 22
6 9 39
4 9 35
1 9 6
2 9 90
5 8 43
2 8 44
4 8 14
3 8 42
1 8 27
3 7 27
2 7 14
1 7 19
3 6 39
1 6 26
2 6 13
4 5 91
2 5 19
1 5 19
1 4 19
2 3 28
1 3 50
1 2 13
16 31 17
12 31 21
14 31 51
22 30 16
15 30 3
10 30 49
18 29 10
13 29 22
15 29 36
25 28 35
17 28 69
15 28 74
20 27 59
9 27 84
15 27 83
11 27 36
20 26 11
12 26 40
10 25 22
14 25 16
20 24 44
13 24 22
19 24 84
10 24 54
9 24 21
7 23 20
66 1037
34
37 66 8
49 66 86
45 66 62
38 66 75
13 66 79
58 66 51
17 66 32
43 66 20
21 66 6
41 66 20
15 66 77
51 66 95
34 66 10
46 66 63
4 66 82
44 66 35
39 66 68
3 66 35
8 66 41
20 66 86
5 66 96
28 66 93
10 66 13
25 66 5
16 66 3
19 66 71
22 66 33
2 66 82
29 66 57
27 66 85
6 66 86
18 66 80
14 66 23
9 66 87
12 66 91
1 66 81
28 65 32
31 65 26
51 65 50
11 65 19
17 65 18
46 65 47
52 65 56
49 65 26
2 65 58
5 65 42
13 65 79
26 65 69
44 65 56
7 65 26
18 65 27
27 65 86
40 65 75
36 65 69
42 65 3
16 65 20
24 65 63
38 65 52
8 65 87
6 65 69
19 65 4
25 65 34
20 65 5
12 65 13
10 65 82
1 65 77
3 65 59
4 65 76
54 64 16
59 64 54
48 64 78
8 64 15
41 64 97
1 64 71
57 64 71
21 64 82
38 64 90
43 64 49
18 64 38
7 64 27
3 64 82
16 64 9
40 64 85
20 64 44
30 64 82
23 64 25
32 64 75
14 64 89
29 64 94
4 64 51
10 64 92
35 64 39
15 64 76
12 64 4
17 64 74
6 64 75
26 64 58
19 64 12
11 64 58
9 64 62
2 64 6
39 63 32
35 63 68
58 63 58
20 63 75
15 63 9
10 63 43
34 63 37
14 63 76
30 63 26
37 63 66
40 63 83
13 63 37
45 63 32
7 63 4
28 63 76
4 63 9
2 63 8
29 63 70
25 63 43
23 63 27
32 63 66
18 63 88
19 63 64
26 63 62
21 63 82
8 63 47
24 63 78
3 63 52
16 63 64
1 63 17
11 63 41
12 63 74
6 63 90
22 62 9
5 62 23
47 62 1
15 62 42
27 62 65
1 62 18
28 62 85
48 62 76
40 62 21
51 62 82
8 62 43
4 62 3
41 62 17
35 62 86
42 62 82
33 62 2
13 62 1
37 62 64
7 62 33
24 62 4
36 62 79
34 62 30
26 62 53
10 62 97
31 62 31
2 62 18
16 62 49
18 62 47
20 62 8
25 62 6
17 62 82
9 62 60
6 62 85
12 62 70
39 61 79
13 61 65
23 61 95
25 61 11
18 61 14
8 61 65
34 61 96
43 61 74
10 61 31
17 61 43
36 61 81
42 61 95
33 61 73
15 61 29
26 61 67
16 61 52
32 61 20
6 61 86
27 61 23
28 61 76
14 61 10
12 61 95
5 61 88
22 61 92
11 61 30
1 61 32
3 61 58
20 61 63
2 61 6
9 61 72
4 61 43
18 60 56
38 60 37
6 60 15
45 60 6
19 60 68
3 60 80
20 60 51
52 60 31
50 60 3
8 60 19
27 60 5
31 60 56
40 60 58
24 60 13
29 60 3
41 60 17
13 60 14
5 60 71
28 60 97
11 60 87
25 60 36
9 60 1
17 60 90
10 60 93
4 60 33
1 60 79
15 60 88
2 60 67
16 59 18
49 59 10
47 59 88
27 59 15
13 59 62
53 59 93
38 59 90
37 59 91
21 59 12
33 59 50
34 59 63
3 59 30
22 59 14
5 59 17
12 59 49
32 59 61
19 59 16
2 59 99
17 59 38
9 59 66
36 59 99
24 59 56
26 59 29
30 59 22
15 59 91
10 59 52
6 59 19
8 59 85
7 59 4
11 59 89
1 59 38
4 59 82
42 58 56
9 58 89
10 58 45
15 58 89
31 58 8
17 58 58
35 58 73
27 58 4
38 58 3
39 58 49
32 58 5
34 58 16
22 58 96
25 58 62
36 58 79
18 58 3
24 58 89
1 58 64
19 58 62
12 58 56
13 58 15
7 58 15
14 58 89
4 58 60
8 58 59
3 58 51
6 58 33
5 58 75
2 58 37
8 57 64
15 57 12
35 57 57
20 57 37
11 57 20
7 57 51
39 57 8
5 57 36
42 57 36
4 57 38
25 57 1
27 57 58
24 57 65
9 57 56
19 57 74
17 57 10
29 57 11
2 57 51
23 57 60
12 57 67
21 57 23
28 57 41
26 57 60
6 57 92
14 57 96
18 57 20
3 57 79
10 57 38
1 57 57
48 56 80
16 56 29
45 56 97
22 56 60
1 56 77
39 56 48
41 56 50
19 56 10
8 56 22
28 56 98
26 56 16
37 56 48
35 56 82
2 56 26
18 56 26
34 56 36
13 56 89
32 56 58
15 56 53
11 56 53
4 56 24
14 56 62
5 56 18
25 56 73
3 56 57
12 56 82
17 56 2
6 56 72
21 55 91
25 55 13
19 55 17
20 55 64
9 55 88
7 55 8
45 55 62
13 55 74
40 55 87
37 55 87
29 55 19
27 55 34
23 55 94
24 55 40
3 55 73
17 55 35
14 55 88
11 55 94
2 55 51
4 55 45
1 55 55
15 55 26
10 55 13
6 55 32
5 55 7
53 54 16
27 54 43
11 54 67
6 54 23
9 54 94
15 54 64
32 54 3
36 54 88
8 54 45
14 54 46
16 54 13
17 54 24
3 54 55
29 54 46
1 54 16
20 54 2
24 54 32
4 54 60
12 54 46
7 54 28
19 54 56
2 54 53
36 53 36
11 53 45
17 53 26
18 53 95
34 53 15
4 53 39
8 53 24
14 53 73
31 53 68
37 53 61
30 53 65
25 53 33
15 53 3
13 53 31
28 53 83
6 53 59
29 53 99
2 53 35
22 53 10
23 53 83
16 53 34
5 53 94
10 53 73
3 53 22
7 53 57
1 53 88
10 52 61
37 52 77
35 52 90
6 52 62
42 52 4
32 52 11
2 52 36
25 52 8
8 52 66
1 52 51
21 52 15
33 52 21
27 52 88
31 52 34
30 52 54
20 52 6
14 52 36
23 52 12
7 52 91
5 52 56
3 52 14
9 52 28
16 52 29
11 52 31
4 52 63
30 51 73
29 51 65
46 51 33
22 51 92
9 51 80
16 51 42
12 51 46
6 51 84
14 51 91
4 51 3
25 51 2
34 51 10
28 51 68
17 51 49
11 51 62
20 51 74
21 51 23
2 51 52
10 51 28
7 51 30
1 51 32
15 51 87
8 51 85
3 51 18
29 50 90
26 50 54
27 50 4
25 50 70
24 50 25
3 50 45
18 50 5
1 50 64
11 50 5
33 50 53
31 50 21
4 50 49
10 50 80
19 50 44
8 50 10
16 50 56
30 50 74
12 50 88
20 50 4
5 50 31
7 50 81
2 50 70
13 50 78
6 50 79
26 49 16
3 49 93
38 49 97
4 49 47
39 49 57
18 49 64
8 49 71
22 49 14
6 49 99
11 49 60
16 49 75
29 49 89
5 49 95
2 49 76
17 49 36
13 49 32
15 49 65
10 49 19
1 49 87
9 49 84
7 49 46
15 48 74
6 48 54
2 48 52
3 48 12
38 48 64
28 48 71
36 48 13
7 48 16
29 48 39
30 48 79
17 48 13
8 48 89
20 48 51
27 48 38
9 48 95
13 48 89
11 48 64
21 48 87
10 48 35
16 48 98
1 48 5
4 48 45
12 48 41
5 48 65
20 47 9
8 47 27
1 47 76
17 47 61
33 47 40
38 47 7
4 47 45
10 47 97
15 47 34
31 47 1
25 47 82
11 47 72
18 47 38
26 47 19
19 47 6
28 47 18
7 47 64
22 47 21
6 47 95
13 47 20
2 47 90
3 47 45
9 47 32
5 47 71
31 46 84
29 46 82
14 46 4
37 46 24
7 46 24
6 46 5
1 46 82
8 46 11
34 46 67
4 46 7
5 46 2
11 46 19
20 46 4
21 46 72
25 46 61
3 46 49
23 46 7
9 46 70
15 46 92
2 46 70
13 46 37
35 45 86
31 45 77
37 45 8
23 45 77
29 45 14
39 45 17
17 45 52
2 45 60
10 45 84
21 45 86
26 45 35
24 45 23
14 45 26
6 45 2
3 45 24
15 45 19
22 45 72
1 45 25
20 45 65
12 45 35
4 45 84
8 45 12
11 45 40
5 45 35
12 44 70
17 44 58
40 44 82
6 44 23
8 44 46
19 44 2
29 44 93
31 44 71
14 44 13
18 44 97
16 44 11
23 44 63
9 44 20
5 44 5
13 44 29
3 44 19
7 44 69
4 44 48
1 44 45
2 44 39
5 43 13
36 43 64
40 43 47
4 43 75
26 43 48
10 43 22
18 43 9
16 43 60
24 43 44
17 43 90
2 43 94
20 43 47
9 43 20
23 43 46
6 43 94
13 43 21
14 43 78
3 43 90
11 43 15
1 43 78
31 42 24
15 42 92
5 42 51
36 42 1
12 42 6
19 42 59
29 42 81
10 42 53
32 42 78
24 42 26
4 42 95
18 42 29
16 42 2
13 42 49
21 42 38
3 42 85
6 42 10
9 42 48
2 42 80
17 42 13
14 42 43
1 42 4
11 42 75
8 42 46
18 41 20
9 41 85
16 41 31
32 41 93
3 41 80
31 41 29
21 41 45
33 41 54
10 41 12
29 41 21
19 41 13
4 41 82
28 41 15
26 41 46
2 41 72
25 41 71
5 41 90
12 41 66
14 41 84
8 41 55
7 41 57
6 41 42
1 41 50
4 40 76
3 40 96
14 40 57
18 40 81
31 40 96
12 40 98
30 40 85
24 40 40
7 40 26
9 40 13
5 40 55
8 40 52
1 40 22
10 40 48
13 40 76
19 40 15
11 40 12
6 40 87
2 40 57
13 39 31
35 39 78
19 39 66
8 39 27
20 39 55
14 39 1
15 39 25
11 39 41
28 39 13
1 39 51
17 39 1
9 39 85
12 39 84
16 39 44
5 39 39
10 39 65
2 39 58
3 39 12
13 38 57
11 38 32
10 38 75
19 38 33
29 38 22
30 38 49
18 38 90
3 38 60
17 38 19
7 38 11
24 38 1
4 38 71
8 38 58
2 38 87
12 38 26
5 38 36
1 38 88
32 37 43
13 37 89
22 37 23
28 37 41
15 37 25
9 37 25
20 37 43
2 37 94
8 37 56
25 37 6
12 37 25
4 37 69
10 37 69
16 37 51
1 37 3
11 37 48
3 37 21
5 37 22
7 37 45
13 36 44
19 36 46
27 36 49
20 36 99
11 36 71
1 36 21
9 36 34
17 36 22
6 36 39
15 36 52
8 36 57
14 36 8
4 36 31
3 36 94
5 36 75
24 35 22
15 35 1
18 35 16
27 35 62
20 35 42
22 35 18
12 35 15
21 35 70
19 35 46
5 35 17
11 35 22
8 35 98
6 35 68
16 35 63
13 35 39
2 35 76
7 35 66
1 35 6
4 35 59
29 34 77
22 34 4
1 34 28
26 34 47
3 34 42
27 34 44
7 34 9
24 34 75
5 34 19
17 34 51
4 34 89
8 34 81
15 34 21
20 34 12
2 34 50
6 34 16
13 34 60
12 34 23
27 33 23
6 33 84
7 33 64
11 33 74
5 33 92
13 33 33
1 33 41
21 33 32
24 33 15
22 33 49
4 33 77
16 33 66
12 33 39
19 33 44
2 33 47
3 33 87
28 32 63
9 32 92
22 32 40
16 32 24
12 32 40
4 32 66
15 32 11
11 32 11
17 32 91
3 32 91
13 32 41
14 32 11
6 32 46
10 32 3
2 32 50
1 32 86
10 31 20
13 31 45
25 31 31
27 31 29
7 31 87
14 31 40
8 31 26
20 31 16
16 31 82
11 31 66
9 31 88
3 31 12
5 31 30
4 31 21
1 31 47
6 31 54
2 30 9
6 30 81
20 30 94
17 30 21
14 30 42
4 30 76
7 30 40
8 30 66
21 30 46
3 30 75
13 30 34
5 30 63
9 30 3
12 30 45
1 30 98
13 29 25
22 29 53
24 29 87
10 29 42
18 29 50
11 29 21
19 29 55
6 29 98
2 29 45
8 29 21
4 29 17
15 29 9
7 29 57
5 29 1
1 29 60
3 29 28
9 29 12
6 28 27
13 28 44
7 28 14
15 28 27
23 28 41
21 28 31
4 28 84
8 28 56
18 28 27
2 28 81
11 28 33
5 28 26
12 28 27
3 28 37
10 28 53
1 28 64
26 27 45
8 27 74
23 27 94
6 27 17
2 27 18
17 27 17
14 27 56
9 27 30
4 27 18
3 27 99
12 27 64
7 27 6
5 27 18
1 27 31
21 26 66
11 26 23
17 26 67
18 26 40
4 26 51
1 26 31
13 26 95
3 26 33
15 26 89
7 26 76
8 26 84
10 26 76
2 26 66
6 26 78
3 25 20
20 25 60
7 25 37
12 25 75
8 25 91
5 25 28
6 25 9
1 25 30
13 25 50
11 25 25
2 25 80
4 25 48
1 24 45
11 24 69
21 24 13
18 24 29
9 24 52
14 24 12
6 24 75
13 24 74
3 24 62
10 24 99
4 24 82
8 24 3
5 24 64
2 24 89
17 23 8
1 23 79
5 23 63
15 23 32
12 23 34
7 23 90
6 23 3
2 23 95
9 23 24
8 23 55
4 23 25
3 23 36
10 22 97
20 22 26
11 22 10
9 22 42
6 22 95
2 22 67
8 22 11
14 22 2
5 22 74
3 22 72
4 22 19
1 22 71
14 21 20
13 21 43
3 21 53
17 21 54
11 21 65
2 21 98
6 21 81
5 21 35
4 21 90
1 21 52
19 20 10
6 20 84
8 20 30
12 20 97
1 20 47
7 20 50
11 20 53
5 20 25
2 20 45
3 20 67
17 19 69
5 19 29
6 19 91
4 19 98
11 19 45
7 19 39
9 19 25
2 19 19
3 19 58
1 19 24
1 18 25
9 18 55
15 18 7
13 18 15
11 18 31
6 18 81
4 18 66
5 18 31
3 18 9
2 18 94
5 17 79
2 17 86
10 17 75
11 17 43
7 17 14
8 17 58
0 0
