5 5
2 2 4
1 3
0 2
0 4 1
0 1 1
1 3 1
0 2 2
2 3 10
5 4
1 4 4
0
1 2 3 4
0 1 1
1 2 2
2 3 3
3 4 1
10 9
2 4 8
2 5
0 1 6 9
0 2 1
2 3 1
2 7 1
6 7 1
7 9 1
3 4 1
4 5 1
5 8 1
1 5 1
9 9
2 2 0
3 6
4 5
0 2 1
2 3 1
3 5 10
5 8 1
8 7 1
7 6 1
6 4 10
4 1 1
1 2 1
3 2
2 3 2
0 0
1 1 2
0 1 1
1 2 1
8 9
1 5 1
5
1 4 5 6 7
0 1 263
0 3 50
0 7 181
1 5 180
1 6 802
2 3 136
2 4 161
2 7 251
3 5 727
105 309
5 6 45
2 10 73 76 99
14 30 60 84 85 89
0 2 752
0 6 75
0 21 450
0 58 43
0 61 232
0 70 426
0 85 784
0 91 572
0 100 310
1 62 998
1 66 252
1 70 730
1 82 640
1 97 507
1 103 347
2 8 957
2 14 578
2 18 63
2 19 179
2 36 529
2 38 53
2 47 861
2 72 204
2 87 537
3 22 695
3 53 803
3 70 656
3 88 725
3 98 505
4 27 242
4 32 154
4 48 483
4 51 455
4 65 620
4 79 237
4 87 396
5 14 491
5 31 242
5 35 50
5 44 294
5 61 369
6 70 526
6 78 54
6 84 254
6 87 58
7 10 507
7 16 86
7 47 307
7 50 631
7 57 405
7 70 731
7 89 860
7 102 207
8 23 127
8 45 505
8 63 669
8 67 546
8 82 450
9 16 818
9 25 795
9 32 841
9 37 738
9 41 596
9 47 239
9 49 952
9 71 582
9 77 408
9 85 105
9 94 698
9 102 533
10 20 636
10 74 122
10 92 13
11 80 182
11 89 896
11 91 642
12 56 365
12 100 229
13 24 681
13 27 927
13 31 443
13 33 179
13 34 54
13 40 219
13 44 860
13 67 992
13 68 35
13 104 705
14 60 979
14 61 681
14 63 209
14 100 240
15 17 345
15 22 631
15 23 930
15 29 708
15 33 105
15 49 550
15 53 835
15 61 195
15 85 40
16 19 182
16 52 939
16 59 496
16 91 721
16 96 642
16 99 204
17 44 137
17 57 693
17 61 302
17 76 867
17 81 127
17 91 804
18 19 330
18 34 36
18 65 229
18 68 971
18 90 262
19 67 425
19 69 702
21 44 604
21 92 733
21 98 801
22 63 132
22 68 103
22 71 320
22 93 441
22 98 786
22 99 129
23 45 555
23 72 521
23 97 659
23 102 564
24 35 907
24 76 322
24 97 125
24 102 364
25 28 632
25 47 926
25 60 50
25 83 20
25 89 694
25 100 683
25 102 154
26 52 335
26 67 207
26 68 983
27 28 859
27 35 122
27 72 169
27 77 416
27 80 869
27 86 667
28 47 443
28 58 890
28 60 610
28 67 982
28 76 581
29 32 221
29 43 537
29 58 61
29 64 475
29 101 990
29 104 742
30 42 153
31 39 596
31 57 352
31 70 674
31 81 338
32 52 215
32 69 505
32 98 948
33 50 762
33 66 949
33 84 345
34 81 146
34 103 3
35 42 395
35 67 640
35 99 455
36 46 658
36 47 223
36 51 798
36 69 985
36 96 702
36 101 421
36 103 333
37 73 877
38 39 101
38 69 998
38 77 702
38 82 583
38 92 627
38 96 174
38 100 647
39 45 689
39 63 116
40 57 252
40 84 896
40 103 603
40 104 245
41 52 118
41 56 33
41 63 576
41 71 859
41 75 293
41 86 711
43 71 917
43 73 661
43 74 291
43 84 647
43 90 336
44 48 610
44 83 502
45 57 472
45 85 874
45 94 107
46 61 714
46 64 890
46 76 223
46 95 86
48 51 97
48 73 529
49 52 945
49 57 644
50 55 225
50 61 579
50 65 463
50 71 605
50 87 534
51 52 128
51 80 592
51 91 164
52 65 198
52 70 641
52 71 130
52 74 621
54 76 609
54 100 143
56 80 189
56 99 264
56 102 350
57 74 117
57 87 622
57 90 926
58 66 452
58 75 623
58 84 775
58 91 674
59 79 459
59 88 664
60 94 221
60 98 11
60 102 863
61 77 458
61 102 436
62 70 847
63 84 933
63 90 457
63 97 176
63 98 344
64 79 494
64 95 88
65 84 885
65 88 909
65 92 723
66 73 280
67 69 605
67 79 259
67 94 767
67 103 647
68 81 141
68 83 437
68 84 304
68 90 66
69 99 599
69 100 73
71 77 553
71 93 701
71 97 995
72 84 52
72 87 427
73 88 312
73 98 138
74 79 4
75 81 321
75 99 616
76 77 193
76 103 106
77 81 5
79 81 834
79 97 407
81 84 470
81 88 366
81 91 786
84 92 757
85 86 178
85 97 253
88 90 206
90 92 395
90 96 967
90 98 73
90 103 296
91 93 81
94 95 608
95 97 353
97 100 926
98 101 87
99 102 712
391 1019
8 8 1
41 125 142 171 312 332 356 381
59 83 147 211 235 290 308 338
0 71 246
0 93 36
0 195 315
0 358 672
0 378 676
1 67 873
1 257 529
1 292 283
1 307 471
1 317 243
2 224 896
2 340 890
3 9 617
3 78 536
3 166 26
3 379 876
3 380 812
4 22 47
4 28 800
4 107 638
4 124 190
4 242 334
4 299 731
4 323 395
5 221 571
5 347 185
6 88 292
6 100 124
6 205 105
7 159 575
7 274 91
7 311 943
8 97 515
8 108 332
8 135 186
8 203 861
8 325 46
8 384 968
9 63 320
9 91 244
9 105 664
9 231 136
9 270 856
10 88 987
11 165 906
11 175 344
11 230 330
11 288 569
11 305 192
11 309 650
12 58 428
12 108 654
12 242 110
12 257 579
12 262 428
12 302 933
12 305 898
13 24 185
13 69 159
13 128 467
13 149 643
13 248 216
13 257 300
13 284 620
14 45 287
14 74 315
14 230 996
15 234 8
15 262 470
15 269 720
16 24 421
16 215 290
16 234 814
16 284 151
17 36 437
17 42 106
17 51 98
17 111 28
17 118 518
17 180 560
17 218 809
17 219 622
17 297 946
17 376 549
17 381 531
18 65 397
18 86 984
18 118 350
18 166 456
18 259 266
18 272 456
19 128 710
19 218 326
19 258 753
19 293 101
19 371 259
20 69 836
20 171 989
20 323 805
21 24 587
21 94 856
21 137 757
21 160 86
21 174 284
21 390 591
22 55 765
22 138 32
22 234 651
22 256 821
22 326 457
22 343 102
22 354 40
22 381 459
23 95 579
23 97 179
23 117 606
23 133 668
23 245 919
23 282 672
24 79 255
24 110 754
24 132 499
24 208 471
25 257 389
25 328 987
25 364 755
26 83 865
26 152 978
26 167 811
26 213 413
26 312 566
26 328 694
27 84 379
27 171 932
27 197 972
27 225 712
27 253 483
28 33 61
28 153 662
28 173 417
28 217 625
28 266 283
29 38 829
29 169 159
29 174 582
29 179 408
29 257 844
29 337 927
30 198 585
30 309 349
30 317 244
30 342 551
31 42 894
31 77 596
31 103 726
31 122 218
32 64 425
32 268 880
32 277 829
32 330 439
32 350 524
32 351 904
32 355 219
32 390 491
33 46 813
33 73 115
33 128 926
33 158 850
33 267 782
33 293 882
33 345 431
34 122 504
34 206 94
35 57 931
35 80 709
35 119 252
35 156 182
35 292 588
35 374 319
36 70 394
36 105 360
36 203 462
36 245 575
36 262 448
36 280 585
36 325 885
37 95 868
37 278 769
37 320 947
38 43 258
38 56 99
38 105 276
38 157 350
39 192 410
40 115 328
40 166 293
40 175 947
40 214 471
40 300 908
41 86 161
41 155 435
41 192 71
42 202 868
42 263 599
42 365 445
43 241 239
43 318 161
44 118 959
44 143 27
44 148 216
44 188 453
44 239 727
44 245 752
44 313 691
45 61 693
45 67 773
45 162 806
45 209 366
45 227 125
45 313 849
45 334 874
45 348 720
46 224 748
46 312 175
46 335 791
47 168 547
47 198 59
47 233 726
47 288 466
47 307 173
47 328 552
47 339 561
47 361 34
47 373 367
48 117 64
48 163 606
48 229 912
48 273 973
48 286 337
48 298 989
49 75 10
49 78 225
49 103 661
49 200 477
49 337 15
49 382 113
50 110 577
50 127 516
50 175 941
50 243 809
50 250 189
51 77 773
51 327 932
51 338 868
52 75 377
52 206 793
52 322 292
52 332 630
52 353 505
53 288 955
54 90 842
54 106 184
54 177 729
54 210 400
54 346 319
55 83 95
55 92 189
55 166 334
55 171 566
55 241 841
55 253 854
55 326 277
56 83 152
56 270 776
56 374 719
57 83 960
57 261 418
57 272 740
57 339 553
57 351 891
58 121 593
58 131 703
59 91 840
59 257 970
60 125 414
60 148 431
60 150 949
60 164 97
61 93 167
61 97 819
61 154 191
61 195 167
61 267 349
61 362 148
62 90 125
62 93 371
62 229 792
62 256 112
62 260 753
62 286 458
62 307 153
63 129 18
63 134 244
63 308 7
63 350 152
63 374 193
64 203 774
64 260 644
65 203 137
65 314 399
66 78 966
66 193 992
66 209 729
66 233 272
66 287 548
66 295 752
66 358 931
67 72 650
68 95 459
68 215 760
68 297 401
69 111 516
69 115 744
69 263 314
69 341 366
70 171 550
71 140 602
71 231 586
71 309 304
71 313 303
71 329 352
72 156 982
73 110 418
73 134 867
73 327 921
74 81 329
74 150 78
74 173 806
74 261 98
74 347 313
75 115 344
75 218 913
75 307 802
75 333 766
75 354 703
75 380 63
76 85 699
76 163 746
76 174 69
76 209 417
76 237 538
77 257 601
77 303 399
78 97 116
78 254 48
78 266 794
78 283 157
78 363 416
78 379 139
78 382 495
79 94 630
79 128 959
79 279 711
80 132 356
80 193 978
80 218 113
80 262 946
81 126 924
81 276 505
81 349 979
81 363 365
82 106 102
82 118 296
82 303 559
82 330 917
82 338 788
82 357 770
83 113 281
83 175 904
83 223 107
83 234 315
83 344 688
84 112 63
84 305 858
84 390 804
85 164 88
85 278 920
85 333 266
85 387 650
86 151 780
86 261 709
86 329 465
86 350 529
87 214 113
87 220 121
87 224 97
87 388 71
88 131 708
88 136 520
88 173 340
88 239 209
88 282 614
88 299 824
89 295 622
89 316 675
89 344 358
90 162 922
90 213 51
91 118 707
91 177 542
91 181 721
91 364 475
91 384 814
92 125 188
92 189 763
92 233 535
92 321 766
92 370 912
93 122 727
93 291 394
94 154 680
94 195 846
94 201 159
94 246 622
94 285 996
94 334 520
94 347 30
95 153 41
95 200 973
95 212 433
95 230 912
95 241 245
95 294 261
95 389 717
96 174 13
96 229 126
96 295 664
96 316 760
97 231 716
97 326 47
97 369 459
98 285 249
98 287 238
98 301 787
99 147 15
99 265 851
99 326 177
99 369 117
100 159 748
100 224 242
100 227 917
100 262 773
100 279 282
100 379 479
101 140 82
101 214 314
101 255 59
101 326 356
101 339 963
101 363 406
102 257 874
102 275 36
103 147 253
103 228 63
103 280 23
104 270 811
104 291 981
104 315 139
104 336 162
104 344 279
104 352 197
105 150 509
105 159 671
105 177 277
105 234 712
106 113 938
106 233 693
106 241 601
106 285 202
106 317 185
106 381 462
107 276 832
108 119 883
108 284 786
108 295 336
109 209 256
109 277 183
109 331 130
109 348 845
110 111 640
110 158 514
110 250 904
111 352 832
112 123 332
112 159 976
112 272 117
112 294 77
113 134 425
113 175 365
113 177 83
114 204 836
114 210 98
114 306 657
114 307 748
114 332 176
115 177 815
115 191 801
115 335 372
116 191 884
116 252 183
116 260 693
116 279 946
116 359 884
116 366 167
116 382 546
117 198 726
117 213 768
117 250 763
117 319 603
118 133 499
118 146 145
118 174 611
118 256 912
118 325 561
119 162 871
119 209 756
119 213 557
119 223 986
119 362 299
120 211 806
120 218 325
120 372 296
121 177 701
121 353 841
121 376 449
121 380 500
122 261 569
122 266 178
122 267 458
123 342 594
124 225 350
124 255 206
124 261 745
124 273 187
124 375 146
124 389 85
125 195 929
125 254 230
125 308 230
125 325 646
125 354 852
125 361 958
125 363 305
126 169 318
126 279 595
126 295 520
126 309 348
127 194 720
127 205 999
127 212 222
127 240 916
128 194 136
128 230 236
129 229 795
129 248 647
129 332 492
130 321 791
130 386 519
131 201 436
131 218 296
131 308 311
132 173 484
132 256 610
133 147 8
133 191 88
133 285 659
133 366 361
133 368 458
134 152 808
134 304 961
134 352 959
134 354 806
134 358 815
134 370 391
136 280 59
136 375 754
137 199 445
137 270 806
137 355 745
137 390 334
138 363 282
138 370 916
139 150 780
139 184 580
140 213 858
140 329 861
140 348 94
141 317 60
141 380 170
142 220 29
142 228 679
142 276 361
142 366 53
142 383 477
143 166 308
143 244 843
143 276 904
143 313 839
144 208 18
144 209 853
144 291 348
144 303 869
144 305 235
145 213 233
145 341 407
146 150 18
146 183 574
146 221 444
146 287 805
146 324 415
147 364 621
147 385 393
148 160 674
148 291 338
148 342 689
148 370 811
149 178 797
149 336 91
149 346 273
150 180 648
150 221 78
150 354 291
151 386 735
151 389 286
152 250 148
153 263 918
153 285 162
153 390 921
154 195 777
154 315 618
154 332 349
155 159 534
155 232 226
155 290 938
155 381 342
155 386 782
156 160 638
156 218 146
156 229 892
156 267 779
156 272 680
156 364 268
157 201 68
157 210 416
157 266 81
157 278 597
157 318 722
157 344 606
157 356 444
157 381 747
158 211 468
158 335 729
159 168 497
159 296 994
160 215 13
160 339 110
161 298 939
161 389 20
163 238 324
163 335 246
164 266 577
164 312 773
164 373 57
165 169 770
165 247 465
165 311 366
165 372 208
166 190 480
166 213 278
166 241 797
166 247 788
166 335 124
166 356 660
167 237 837
167 285 726
168 181 73
169 371 126
170 276 680
170 313 675
170 320 608
170 333 366
171 262 267
171 265 742
171 306 917
171 325 490
172 324 961
173 225 336
173 361 109
173 363 843
174 351 666
175 231 871
175 239 577
175 307 945
175 355 171
176 193 489
176 313 169
176 344 919
177 220 42
177 306 251
177 310 228
178 179 951
178 352 835
179 234 808
179 273 197
180 214 657
180 239 921
180 255 816
180 298 583
180 305 506
180 343 508
182 222 760
182 230 290
182 274 497
182 298 152
184 287 873
184 336 191
185 286 433
185 350 792
185 363 836
186 190 484
186 222 901
186 243 666
186 360 232
187 312 233
187 341 794
187 373 164
189 285 250
189 330 488
189 381 21
190 192 129
190 230 594
191 222 824
191 273 523
191 372 928
191 389 23
192 282 959
192 358 970
192 366 880
193 228 168
193 241 365
194 222 813
194 284 563
194 306 772
195 307 740
195 310 362
196 229 858
197 322 669
197 355 56
198 331 736
199 280 125
199 388 162
200 257 777
202 209 2
202 226 435
202 242 413
202 309 108
202 354 485
203 229 471
203 232 954
203 263 980
203 387 722
204 272 267
204 281 402
204 291 397
204 348 969
206 265 520
206 312 44
206 360 477
207 347 971
207 363 36
209 331 893
209 368 635
210 299 237
210 334 271
210 360 63
211 253 56
211 309 722
211 336 90
211 364 10
213 242 380
213 334 494
214 276 715
216 219 877
216 241 465
216 288 69
217 230 907
217 255 687
217 295 847
217 317 436
218 233 583
218 283 365
218 306 966
218 308 333
218 317 409
219 270 990
220 224 154
220 228 455
220 252 539
220 341 147
221 329 47
221 375 90
222 345 783
222 353 587
222 358 394
223 296 683
224 356 466
224 366 928
225 281 679
226 283 882
227 269 797
227 294 49
227 338 594
227 343 563
228 250 521
228 311 388
228 379 178
230 236 178
230 342 688
230 371 560
231 335 856
231 369 912
232 239 45
232 261 325
232 313 634
232 346 893
232 347 874
232 386 42
233 378 960
234 311 628
235 291 749
236 244 658
236 279 332
236 304 41
237 316 614
237 343 308
238 245 897
238 299 531
238 380 619
239 258 155
239 263 325
239 335 761
239 375 304
239 377 684
240 305 672
241 267 365
241 313 724
241 374 493
242 245 93
242 276 963
242 310 928
242 342 610
242 343 703
243 344 144
244 381 117
244 385 485
244 387 613
245 282 965
245 285 762
245 341 807
247 278 598
247 315 960
247 369 182
248 306 952
249 367 936
249 380 122
249 390 195
251 259 523
251 322 637
251 380 304
252 256 689
252 369 907
253 345 993
254 286 152
254 373 273
255 317 259
255 339 702
255 342 168
256 294 515
256 298 296
257 281 969
257 343 293
257 374 389
259 312 120
259 325 791
259 372 325
259 385 779
260 363 831
261 298 676
261 323 870
262 271 776
262 285 562
262 348 502
262 371 531
263 270 314
264 265 630
265 289 461
266 269 395
266 376 434
269 294 788
270 310 637
270 314 743
270 319 459
270 326 229
271 382 534
272 290 502
272 364 196
273 311 717
273 370 621
274 311 33
274 344 31
274 373 996
275 285 33
275 304 214
275 320 897
275 369 164
275 379 918
275 389 12
276 296 981
276 321 498
277 329 961
277 337 281
277 360 519
278 304 705
278 346 926
278 366 822
278 380 346
279 290 31
279 302 940
279 374 343
280 285 458
280 372 10
281 388 810
283 345 456
284 287 774
284 307 876
285 330 300
286 335 826
286 349 564
287 304 262
287 327 84
289 306 960
289 379 941
290 308 161
290 335 813
293 318 531
295 373 250
296 377 296
298 310 858
298 358 751
299 385 846
300 345 216
300 361 568
302 383 297
303 358 133
304 349 704
304 359 395
305 312 694
305 357 574
307 379 30
308 351 910
309 358 681
309 359 221
312 324 232
314 378 758
315 347 650
316 381 134
319 348 622
319 363 863
320 376 510
321 335 68
321 372 95
321 377 172
324 357 67
325 331 746
327 335 293
327 369 177
328 375 293
329 375 951
330 368 304
333 345 808
333 357 304
333 384 723
334 357 416
334 367 133
334 371 311
334 386 788
335 349 976
335 362 648
336 347 39
336 356 574
337 390 635
338 378 623
339 349 669
339 356 517
339 363 698
344 348 573
344 373 257
345 349 795
347 357 339
348 381 51
353 371 730
354 381 860
354 389 384
360 385 565
364 365 168
369 375 471
370 376 557
371 377 964
372 384 5
176 442
4 6 57
20 84 106 114
18 61 90 95 148 173
0 14 380
0 20 876
0 61 706
0 113 543
0 151 275
1 149 229
2 15 868
2 56 142
2 81 368
2 96 804
2 149 896
3 60 467
3 75 134
3 133 174
4 27 179
4 42 686
4 51 834
4 88 477
4 102 640
4 133 144
5 56 37
5 71 57
5 89 823
5 96 504
5 111 202
5 123 319
5 160 811
5 165 493
6 15 903
6 18 968
6 113 792
6 162 424
7 9 497
7 26 208
7 49 438
7 146 655
8 51 68
8 55 899
8 93 455
9 43 796
9 95 173
9 146 353
10 98 65
10 116 224
10 143 95
11 20 781
11 21 608
11 102 407
12 52 250
12 56 481
12 60 820
12 71 978
12 148 930
12 168 419
13 48 567
13 56 106
13 78 195
13 157 67
14 15 166
14 67 379
14 84 735
14 94 461
14 117 298
14 133 227
14 137 131
15 40 878
15 86 53
15 152 208
16 46 379
16 58 191
16 80 693
16 85 227
16 96 672
16 101 194
16 134 639
16 149 742
16 172 416
17 166 876
18 90 493
18 91 704
18 99 772
19 27 275
19 32 465
19 67 865
19 102 125
19 120 87
19 122 227
19 128 412
19 150 782
20 27 900
20 47 986
20 61 440
20 80 28
21 28 641
21 97 875
21 126 605
21 133 81
21 163 378
21 170 755
22 78 698
22 93 772
22 113 146
22 134 737
23 24 268
23 169 950
24 34 408
24 81 720
24 92 152
24 103 929
24 157 249
25 101 200
25 160 319
25 170 530
26 32 695
26 44 600
26 73 201
26 82 452
26 87 191
26 121 395
26 154 875
26 175 247
27 57 989
27 102 489
27 141 30
28 51 954
28 78 436
28 84 487
28 99 180
28 114 627
28 125 423
28 161 47
29 74 695
29 120 353
29 173 582
30 56 100
30 67 279
30 83 392
30 130 114
30 145 360
30 149 313
31 111 23
31 115 970
31 128 51
32 52 377
32 76 518
32 77 123
32 90 625
32 132 463
32 149 998
32 152 308
32 162 198
33 37 203
33 67 464
33 109 475
33 137 906
34 35 188
34 151 813
34 158 594
35 71 585
35 73 734
35 92 159
35 105 389
35 175 834
36 61 798
36 92 193
36 136 913
37 68 947
37 77 750
37 106 496
37 111 891
38 168 766
39 51 511
39 76 206
39 129 780
40 70 776
40 101 752
40 148 110
40 158 627
40 160 272
41 98 958
41 102 771
41 112 760
41 121 929
42 66 991
42 68 134
42 98 545
42 101 41
42 114 148
43 128 593
43 146 799
43 159 854
44 48 218
44 173 393
45 54 683
45 105 986
46 79 557
46 149 537
47 107 978
47 130 244
48 87 55
48 100 776
48 139 269
49 84 644
49 100 504
50 69 663
50 81 584
50 87 955
50 104 897
50 171 653
51 53 984
51 65 366
51 74 403
51 92 195
51 109 770
51 154 597
52 91 21
52 101 781
52 102 868
52 107 971
52 125 350
52 139 452
53 58 770
53 62 784
53 65 124
53 107 163
53 143 877
54 79 653
55 119 882
56 64 734
56 76 486
56 99 960
57 85 323
57 117 263
57 149 63
58 60 256
58 83 243
58 101 978
58 133 858
58 142 697
59 66 304
59 90 49
59 147 230
60 64 144
60 100 705
60 116 114
60 146 184
60 165 703
61 76 903
61 88 33
61 106 260
61 154 368
62 91 417
62 145 429
62 168 936
63 83 13
63 103 584
63 163 811
64 116 682
65 76 398
65 118 830
66 73 534
66 75 32
66 83 828
66 129 44
66 140 6
66 142 983
67 68 382
67 116 728
67 162 989
67 174 175
68 92 80
68 102 761
68 110 132
68 129 835
68 148 47
68 153 160
68 158 788
69 73 481
69 78 524
69 124 824
69 150 65
70 119 432
70 142 675
70 167 468
71 146 8
71 156 116
72 89 193
72 135 540
72 154 16
73 84 511
73 87 48
73 103 351
73 110 441
73 138 992
74 86 460
75 88 621
75 141 115
75 157 380
75 162 146
76 122 620
77 92 687
77 110 364
77 134 760
77 148 599
78 104 874
78 106 25
78 115 73
78 128 846
78 136 195
78 150 299
78 163 601
79 129 907
80 119 61
80 145 707
81 130 731
81 149 832
82 166 661
83 109 157
84 99 898
84 110 631
85 120 92
85 121 231
85 126 536
85 170 179
86 88 968
86 91 549
86 93 301
86 128 926
86 136 174
87 125 532
88 91 433
88 136 881
88 146 949
88 149 644
88 155 798
89 100 976
89 102 853
89 134 124
89 168 123
90 96 496
90 143 288
91 112 822
92 99 600
92 102 421
92 111 981
93 94 868
93 106 36
93 112 296
93 130 361
93 141 625
93 147 787
93 152 180
93 158 388
94 124 665
95 98 122
95 114 754
95 136 502
95 138 657
95 145 727
96 152 144
97 163 374
98 145 648
98 146 150
99 172 972
100 111 196
101 112 214
101 115 346
101 136 833
102 172 677
104 130 757
104 165 481
104 170 501
105 113 486
105 155 71
105 157 239
106 153 322
106 163 287
108 119 530
108 125 492
109 122 874
109 152 432
110 134 125
110 173 852
111 147 381
111 161 823
112 133 238
113 170 710
114 140 791
114 148 393
115 148 326
115 151 271
115 161 846
117 120 568
117 123 641
117 136 63
117 156 465
117 160 571
117 167 516
118 143 26
119 143 323
121 129 245
121 143 76
122 132 364
122 158 743
124 144 199
125 173 770
126 168 275
127 137 365
127 140 633
127 153 529
128 169 694
129 153 202
130 155 4
131 152 869
131 155 308
132 165 471
133 154 144
134 144 297
134 149 679
135 175 398
137 175 953
142 154 487
144 152 979
144 169 895
146 169 553
146 173 714
147 172 390
148 168 487
148 171 299
149 160 768
149 174 331
150 159 956
151 160 926
151 175 875
152 161 808
152 163 795
155 164 331
157 158 980
158 168 602
164 169 928
169 174 391
172 173 837
325 1320
2 6 243
34 39
39 47 94 138 160 259
0 34 270
0 70 495
0 98 768
0 178 981
0 226 45
0 231 977
0 236 97
0 249 295
0 250 326
0 302 594
0 313 657
1 4 845
1 34 116
1 70 245
1 138 603
1 189 602
1 243 519
1 258 580
1 288 174
1 318 988
2 23 622
2 75 429
2 189 908
2 203 917
2 244 616
2 268 422
2 280 789
2 294 939
2 297 481
3 10 822
3 151 750
3 169 618
3 204 375
3 219 277
3 245 983
3 257 142
3 315 909
4 16 949
4 17 111
4 23 210
4 33 404
4 72 183
4 188 263
4 282 343
4 302 375
5 8 181
5 33 424
5 82 94
5 99 887
5 100 233
5 138 887
5 159 273
5 191 189
6 12 699
6 103 510
6 189 45
6 255 873
6 290 800
7 84 902
7 178 874
7 181 812
7 196 717
7 208 189
7 236 458
7 237 632
7 282 529
7 290 341
8 196 723
8 203 207
8 220 759
8 229 722
8 232 569
8 240 763
8 262 199
8 285 80
8 316 227
9 21 439
9 28 41
9 69 838
9 76 778
9 90 760
9 108 191
9 109 494
9 139 938
9 173 406
10 40 234
10 61 722
10 76 431
10 142 242
10 172 72
10 176 108
10 182 95
10 197 117
10 214 247
10 288 286
11 74 534
11 78 575
11 118 534
11 136 617
11 142 987
11 157 654
11 161 227
11 170 689
11 200 784
11 246 603
12 165 909
12 211 725
12 230 334
12 235 192
12 262 544
12 308 765
13 81 75
13 90 773
13 161 844
13 165 897
13 176 996
13 189 354
13 209 38
13 244 319
13 256 48
14 124 291
14 130 770
14 139 897
14 155 506
14 162 950
14 211 610
14 217 650
14 242 908
14 262 643
15 22 246
15 59 491
15 61 857
15 80 220
15 125 22
15 203 464
16 65 227
16 78 401
16 132 698
16 268 338
17 21 401
17 37 146
17 149 74
17 184 164
17 196 861
17 234 595
17 260 538
17 271 817
17 314 642
17 322 20
18 35 355
18 44 457
18 50 157
18 85 370
18 108 279
18 191 734
18 268 889
18 322 643
19 28 892
19 45 246
19 47 128
19 59 104
19 112 400
19 125 13
19 128 232
19 135 324
19 182 42
19 196 48
19 201 841
19 246 618
19 250 375
19 288 112
20 54 704
20 208 3
20 222 487
20 277 700
20 312 463
21 58 134
21 131 37
21 155 717
21 188 796
21 195 61
21 266 318
22 69 842
22 83 956
22 85 16
22 121 1000
22 177 263
22 220 346
23 232 277
23 246 713
23 253 297
23 274 517
23 283 331
24 41 220
24 87 599
24 192 404
24 213 486
24 271 944
24 303 389
25 55 230
25 69 587
25 104 965
25 120 407
25 159 621
25 239 12
25 243 634
25 311 780
26 28 221
26 43 578
26 92 656
26 93 915
26 294 222
26 307 993
27 59 643
27 102 843
27 174 252
27 201 23
27 204 338
27 275 492
27 291 769
28 80 223
28 106 546
28 139 702
28 171 912
28 216 683
28 221 610
28 289 171
29 112 319
29 151 951
29 190 344
29 234 839
29 303 789
30 136 476
30 191 626
30 197 27
30 198 887
30 217 957
30 227 162
30 319 469
31 40 407
31 69 315
31 76 887
31 92 461
31 130 762
31 143 906
31 156 831
31 178 141
31 181 375
31 188 736
31 199 152
31 264 408
31 321 968
32 50 442
32 89 27
32 91 102
32 167 541
32 184 261
32 226 702
32 258 660
32 301 171
33 44 697
33 56 944
33 146 223
34 180 329
34 223 488
34 317 173
35 52 598
35 74 105
35 91 899
35 92 59
35 105 378
35 176 554
35 228 829
36 100 107
36 125 837
36 221 199
36 270 991
37 85 999
37 120 894
37 129 567
37 224 720
38 41 938
38 76 156
38 92 45
38 125 69
38 147 863
38 206 233
38 231 16
38 292 396
39 73 651
39 120 570
39 129 868
39 148 57
39 205 738
39 234 83
39 242 293
40 49 271
40 77 967
40 113 991
40 250 981
41 45 916
41 109 659
41 122 295
41 124 710
41 178 928
41 191 401
41 229 31
41 318 135
41 321 566
42 58 624
42 69 920
42 95 847
42 152 709
42 158 991
42 210 150
42 214 424
42 276 347
42 303 209
42 310 213
43 49 771
43 210 703
43 294 280
44 83 852
44 152 38
44 156 351
44 167 677
44 185 532
44 206 209
44 238 309
44 261 794
44 293 238
44 300 586
45 48 310
45 66 81
45 122 646
45 181 34
45 194 340
45 195 761
45 277 746
45 309 578
46 51 727
46 55 961
46 83 72
47 67 53
47 106 576
47 138 716
47 140 310
47 211 494
47 216 548
47 244 681
47 291 901
47 313 863
48 138 305
48 168 264
48 229 399
48 296 989
49 96 801
49 136 965
49 212 668
49 228 276
50 107 386
50 247 17
50 249 749
51 153 113
51 219 157
51 251 238
51 272 120
51 289 643
51 312 607
52 58 206
52 77 417
52 110 257
52 154 804
52 215 766
52 216 303
52 220 469
52 224 307
52 232 13
53 134 621
53 178 31
53 186 772
53 217 870
53 295 106
53 306 257
53 320 764
53 324 158
54 176 194
54 248 758
54 249 817
54 273 332
54 312 780
55 98 383
55 208 599
55 221 560
55 234 365
55 238 878
55 252 914
56 76 111
56 87 53
56 108 739
56 114 286
56 191 187
56 203 790
56 280 487
56 282 711
56 299 303
56 307 747
56 318 280
57 82 936
57 149 81
57 187 738
57 247 186
57 249 630
57 276 730
57 316 582
57 319 823
57 323 303
58 70 311
58 95 175
58 104 331
58 112 611
58 119 578
58 168 730
58 206 87
58 211 171
58 306 195
59 76 565
59 107 585
59 113 646
59 126 450
59 149 34
59 151 457
59 258 108
59 267 26
59 300 424
59 315 4
59 321 372
60 61 173
60 154 860
60 195 670
60 230 908
60 239 216
60 273 811
60 291 218
61 91 247
61 233 664
61 306 200
62 74 822
62 78 364
62 134 397
62 180 787
62 207 671
62 248 29
62 260 101
62 302 397
62 314 586
63 125 269
63 131 188
63 136 51
63 155 992
63 190 941
63 206 746
63 230 99
64 68 417
64 90 1000
64 180 495
64 243 21
64 316 428
65 73 5
65 95 647
65 225 267
65 227 697
66 223 410
66 276 500
67 71 490
67 90 776
67 103 574
67 112 689
67 197 433
67 217 119
67 220 75
67 230 558
67 264 866
68 91 542
68 99 527
68 116 451
68 178 809
68 237 647
68 242 332
68 261 760
68 265 371
68 293 754
69 118 474
69 159 799
69 175 377
69 250 829
69 251 174
69 261 281
70 119 764
71 79 672
71 120 680
71 164 208
71 252 820
72 76 145
72 97 450
72 102 947
72 117 206
72 132 903
72 165 455
72 236 857
72 237 714
72 248 453
72 258 754
73 76 752
73 111 116
73 131 223
73 137 380
73 144 1000
73 210 657
74 87 294
74 140 564
74 152 318
75 92 527
75 240 412
75 263 892
76 107 314
76 130 37
76 174 402
76 176 24
76 208 678
76 276 631
76 302 701
76 308 147
77 115 808
77 161 359
77 191 296
77 197 994
77 217 760
77 258 586
77 301 376
77 314 908
78 108 941
78 147 169
78 211 713
78 216 158
78 270 324
78 307 505
78 324 605
79 120 673
79 240 982
79 247 243
79 251 869
79 305 285
80 114 919
80 164 439
80 176 177
80 194 345
80 197 369
80 218 775
80 269 933
80 277 697
80 314 220
80 315 91
81 197 898
81 226 259
81 249 548
81 250 38
81 319 147
82 83 508
82 175 739
82 197 191
82 201 994
82 234 699
82 241 252
83 122 404
83 172 732
83 233 446
83 242 359
83 262 173
83 274 628
83 275 78
84 136 681
84 147 209
84 163 429
84 177 821
85 128 148
85 239 198
86 154 817
86 194 809
86 269 826
86 280 118
86 310 836
86 321 997
87 188 103
87 189 897
87 226 793
87 247 752
87 292 900
88 125 543
88 189 706
88 219 312
88 258 466
89 131 360
89 133 698
89 159 499
89 204 25
89 262 479
89 275 961
89 295 853
90 102 39
90 129 600
90 156 827
90 160 991
90 170 978
90 201 467
90 236 82
90 252 600
90 315 564
91 230 210
91 271 678
91 305 513
91 309 88
92 182 801
92 212 439
92 278 527
93 177 408
93 189 158
93 257 408
93 278 456
93 285 452
94 102 804
94 111 416
94 123 983
94 155 929
94 161 94
94 180 29
94 212 160
94 268 281
94 283 375
95 149 914
95 152 826
95 156 737
95 165 306
95 172 329
95 211 299
95 242 436
95 310 751
96 175 663
96 184 592
96 200 512
96 204 482
96 321 461
97 169 417
97 239 771
97 245 441
97 261 135
98 122 298
98 139 784
98 154 539
98 190 536
98 215 835
98 235 658
98 240 194
98 257 764
99 117 921
99 140 969
99 177 654
99 192 172
99 211 800
99 304 477
100 109 489
100 165 997
100 178 392
100 224 553
100 256 267
100 257 914
100 290 181
100 304 165
101 211 328
101 258 239
101 273 164
102 139 224
102 205 101
102 246 666
102 278 525
102 285 800
102 297 772
103 121 791
103 123 708
103 199 613
103 256 957
103 274 635
104 135 44
104 152 949
104 164 28
104 165 883
104 171 803
104 176 249
104 272 606
104 286 824
104 295 428
104 300 378
105 133 212
105 195 237
105 240 951
105 261 930
105 310 862
106 135 481
106 202 363
106 204 81
106 224 920
106 234 988
106 242 467
106 255 887
106 264 832
106 271 440
106 276 748
106 321 652
107 117 687
107 136 657
107 143 583
107 176 867
107 202 40
107 243 293
107 254 488
108 175 99
108 177 373
108 206 119
108 250 72
108 277 399
109 151 117
109 213 907
109 292 346
109 297 594
109 313 741
110 125 610
110 128 259
110 182 169
110 200 328
110 266 492
110 279 443
110 319 741
111 125 54
111 177 234
111 242 320
111 254 342
111 262 484
111 321 567
112 120 63
112 137 299
112 152 26
112 158 837
112 168 580
112 191 685
112 256 22
112 268 961
112 312 177
113 139 372
113 157 580
113 242 342
113 243 691
113 314 212
114 131 211
114 141 498
114 192 112
114 206 53
114 214 287
114 230 697
114 296 652
114 303 750
115 124 640
115 134 755
115 164 802
115 165 683
115 316 407
116 191 450
116 204 810
116 211 354
117 158 465
117 295 77
117 313 565
118 167 889
118 170 904
118 191 787
118 196 876
118 218 350
118 255 18
118 258 630
118 301 441
118 302 474
118 310 489
119 174 1000
119 235 391
119 277 978
119 320 622
120 203 627
122 181 251
122 213 68
122 227 559
122 265 880
122 294 5
122 295 390
123 125 244
123 220 35
123 271 246
123 290 966
123 298 27
123 300 646
123 315 759
123 320 212
123 324 294
124 167 805
124 171 252
124 214 613
124 223 572
124 228 75
124 275 506
124 304 272
124 307 555
125 126 710
125 144 902
125 189 392
126 195 595
127 220 75
127 235 131
127 245 553
128 247 65
128 295 714
129 132 502
129 178 194
129 191 260
129 201 454
129 206 193
129 255 267
130 161 261
130 162 131
130 240 701
130 249 834
130 254 307
131 163 627
131 166 851
131 202 286
131 307 767
131 322 836
132 151 383
132 168 349
132 176 150
132 190 508
132 202 987
132 246 246
132 260 437
132 264 825
132 302 765
132 318 762
133 139 629
133 158 670
133 175 553
133 267 878
133 307 160
134 162 214
134 200 443
134 213 285
134 228 518
134 299 241
135 147 960
135 312 915
136 219 849
136 240 489
136 243 663
136 252 75
136 269 223
136 300 392
136 315 851
137 154 121
137 177 729
137 272 469
137 292 466
138 173 323
138 175 844
138 178 344
138 231 1000
138 233 206
138 240 592
138 273 913
138 322 596
139 182 859
139 219 532
139 236 146
139 259 984
139 266 371
139 267 529
139 281 526
140 148 590
140 175 926
140 263 195
140 267 58
140 273 612
140 277 343
140 294 215
140 324 163
141 144 613
141 224 380
141 233 868
141 266 547
141 275 434
142 174 630
142 178 177
142 200 737
142 223 98
142 254 125
142 308 186
143 161 985
143 170 784
143 186 430
143 306 74
143 317 749
144 168 856
144 212 13
144 217 754
144 258 711
144 302 780
145 210 7
145 273 732
146 241 371
146 243 969
146 251 394
146 253 821
146 254 318
146 257 652
146 291 857
147 208 539
147 210 318
147 224 102
147 290 137
147 316 276
147 318 86
148 171 54
148 234 587
148 236 543
148 261 393
148 317 134
149 212 649
149 215 506
149 265 970
149 274 510
149 302 225
150 155 511
150 206 287
150 258 830
150 286 849
151 181 899
151 233 252
151 250 935
151 251 336
151 271 466
151 289 265
151 291 538
153 293 59
154 261 30
154 294 855
155 160 971
155 184 891
155 197 796
155 230 43
155 282 685
156 249 952
156 295 450
156 300 533
156 323 250
157 238 736
157 239 48
157 241 246
157 254 952
158 187 524
158 191 318
158 208 726
158 224 898
158 240 849
158 283 892
158 302 973
159 161 475
159 243 429
160 169 906
160 174 715
160 180 437
160 273 563
160 281 22
161 181 612
161 214 273
161 316 1000
161 324 743
162 224 901
162 226 35
162 229 975
162 315 373
162 316 38
163 219 358
164 202 616
165 226 45
165 259 503
165 272 459
165 305 832
165 306 214
167 190 406
167 192 409
167 290 127
168 176 333
168 196 739
168 211 298
168 315 136
169 182 953
170 204 482
170 206 14
170 272 989
171 190 637
171 199 28
171 211 263
171 213 307
171 221 308
171 280 105
172 198 822
172 226 324
172 239 820
174 183 123
174 192 66
174 262 289
174 291 212
174 296 48
174 314 903
175 190 17
176 201 515
176 249 442
176 295 485
176 310 944
177 188 484
177 232 373
177 249 209
178 288 370
178 318 90
179 203 389
179 276 27
179 280 889
179 302 234
179 306 460
180 221 270
180 241 379
180 273 815
181 202 761
181 211 329
181 286 408
182 198 547
182 213 593
182 263 871
182 285 605
183 197 702
183 207 239
183 228 172
183 269 414
183 276 54
183 278 841
184 226 761
184 232 784
184 241 57
184 278 999
184 293 834
185 221 974
185 252 386
185 256 88
185 314 429
186 191 763
186 227 13
186 307 445
187 240 796
187 298 774
188 190 263
188 235 608
189 207 240
189 213 590
189 252 807
189 278 924
190 285 267
191 193 72
191 216 588
191 217 414
191 231 237
191 268 594
191 297 936
191 303 243
191 318 286
192 242 51
192 248 136
192 309 998
192 311 300
193 216 165
193 247 420
193 306 335
194 244 161
194 284 742
194 288 918
195 218 703
195 247 383
195 283 397
196 261 383
196 262 6
196 289 177
196 314 239
197 295 484
197 306 543
197 317 717
197 319 917
198 204 893
198 263 912
199 213 262
199 234 718
200 216 624
200 236 292
200 239 292
200 245 364
200 291 269
201 248 636
201 266 207
201 315 169
202 213 188
202 233 975
202 252 541
202 309 316
203 220 525
203 264 417
203 284 923
203 309 59
203 311 947
204 260 44
205 276 162
205 298 468
206 216 919
206 281 612
206 315 741
206 319 366
207 236 772
207 263 521
207 298 749
208 210 685
208 241 444
208 250 100
209 235 965
209 258 251
209 261 318
209 273 296
209 289 949
209 308 493
209 314 770
210 288 458
211 230 995
211 234 965
211 251 574
211 307 67
212 243 881
212 271 754
212 311 779
213 221 5
213 251 542
213 260 751
214 228 793
215 271 143
216 279 178
216 287 946
216 314 481
217 228 192
217 263 780
217 270 25
218 251 940
218 264 917
219 306 145
220 230 246
220 253 452
220 285 439
221 233 19
222 288 769
222 299 389
222 310 51
224 231 19
225 226 866
225 228 620
225 248 105
225 260 578
225 321 487
226 249 661
226 302 663
226 305 694
227 257 816
227 270 796
227 311 328
228 257 707
229 244 278
230 264 160
230 290 515
231 312 22
232 248 908
232 287 757
233 284 18
233 303 485
233 312 579
234 238 69
234 249 39
234 263 939
234 285 207
234 305 825
235 311 80
235 319 536
236 292 398
236 304 563
236 306 428
236 319 225
237 246 584
237 294 650
238 244 566
238 263 913
238 300 923
239 265 211
239 270 501
239 276 13
239 285 480
240 254 893
240 270 329
243 268 898
243 315 859
244 257 376
244 296 960
245 270 811
245 290 16
245 301 602
246 255 882
246 279 308
246 283 701
246 287 765
246 319 228
247 252 191
247 277 943
247 290 222
247 295 883
247 298 644
248 265 575
249 257 146
249 320 263
251 258 715
251 306 277
251 318 211
252 257 536
252 315 617
253 293 197
254 283 122
255 256 382
255 272 519
255 319 452
256 277 838
256 279 261
256 302 478
257 268 406
258 306 160
260 288 502
260 301 263
260 319 716
261 264 538
262 288 188
262 294 137
263 273 413
263 324 564
264 265 32
265 301 832
266 305 850
266 321 579
266 322 985
266 324 647
267 304 867
268 279 290
269 287 320
269 319 564
269 323 125
270 298 693
270 301 224
270 309 572
271 280 94
272 315 662
273 317 444
274 305 431
274 306 765
274 315 38
277 290 608
279 304 691
279 318 255
280 321 256
281 284 924
281 292 8
281 297 70
282 283 530
282 295 142
283 285 745
283 293 653
284 298 863
284 308 115
285 291 736
286 317 442
288 301 833
288 306 299
290 309 49
290 314 20
291 309 955
293 308 501
295 320 251
296 299 435
296 312 566
298 306 385
304 323 450
308 309 586
308 323 122
309 310 73
309 320 644
311 322 668
314 317 740
323 324 974
240 639
8 7 210
24 77 82 84 93 94 151 215
41 73 121 126 162 226 232
0 138 834
0 166 159
0 167 675
1 12 377
1 91 165
1 97 638
1 149 473
1 150 280
2 34 918
2 91 222
2 124 376
2 200 194
2 211 991
3 59 352
3 93 387
3 94 963
3 99 856
3 109 535
3 128 949
3 135 668
3 158 625
3 226 647
4 16 866
4 52 350
4 57 133
4 82 382
4 103 410
4 132 424
5 98 633
5 154 759
5 178 537
5 188 110
6 9 611
6 44 466
6 51 198
6 53 247
7 18 454
7 25 950
7 35 811
7 66 173
7 81 850
8 82 922
8 85 148
8 152 62
8 160 383
8 237 469
9 22 455
9 83 719
9 114 4
9 126 837
9 208 439
9 220 71
9 230 470
9 231 370
10 17 714
10 53 544
10 104 483
10 150 318
11 43 781
11 92 295
11 113 597
11 158 684
11 168 370
11 173 40
11 174 333
11 197 11
11 234 966
12 21 285
12 30 130
12 31 852
12 54 65
12 110 536
12 115 581
12 173 332
12 177 499
12 181 100
12 191 290
13 30 658
13 52 29
13 112 509
13 157 956
13 162 984
13 171 288
13 178 501
14 46 134
14 155 646
14 158 187
14 198 21
14 215 189
14 230 45
15 59 573
15 111 702
15 156 188
16 35 284
16 36 742
16 170 97
16 221 407
16 227 346
17 111 543
17 146 752
17 204 371
17 231 165
18 39 914
18 62 801
18 130 133
19 45 575
19 57 638
19 155 856
19 210 345
20 92 722
20 119 911
20 126 158
20 132 558
20 176 181
20 214 301
20 220 176
21 39 932
21 47 192
21 67 671
21 99 724
21 191 236
21 193 420
21 199 507
21 216 108
21 224 795
21 225 634
22 73 376
22 234 776
23 59 90
23 113 567
23 124 375
24 85 953
24 116 454
24 122 995
24 126 60
24 160 314
24 194 569
24 234 132
25 27 294
25 39 523
25 151 11
25 153 112
25 182 503
25 234 247
26 120 472
27 42 510
27 117 579
27 128 234
27 163 79
27 227 392
28 157 402
28 178 711
29 56 627
29 99 46
29 118 112
29 125 138
29 159 959
30 58 243
30 87 12
30 110 662
30 153 190
30 165 553
30 184 92
31 39 817
31 83 342
31 148 566
31 176 906
31 237 867
32 99 482
32 102 598
32 105 258
32 136 178
32 139 929
32 145 919
33 55 224
33 81 954
33 88 938
33 105 251
33 134 984
33 139 232
33 150 900
33 163 542
33 198 431
34 72 774
34 108 114
34 125 995
34 135 286
34 198 224
34 209 461
35 132 303
35 140 268
36 103 500
36 115 109
36 138 820
36 203 750
37 94 642
37 108 776
37 219 484
38 103 774
38 145 476
38 150 904
38 211 801
38 213 760
39 53 528
39 118 133
39 223 943
40 164 76
40 214 371
40 228 72
41 66 959
41 213 980
41 219 758
42 79 599
42 179 699
42 232 725
43 99 238
43 101 690
43 115 307
43 129 205
43 133 218
43 165 261
43 224 853
44 49 443
44 82 323
44 86 799
44 125 591
44 186 643
44 199 276
44 236 66
45 60 572
45 96 569
45 156 252
45 174 176
45 181 906
45 195 817
46 114 531
46 166 99
46 172 729
46 182 202
47 82 195
47 153 470
47 192 527
47 236 736
48 143 952
49 133 209
49 137 791
49 145 740
49 191 324
49 239 914
50 53 411
50 59 656
50 72 97
50 79 176
51 153 675
51 180 321
52 168 548
52 174 524
52 200 1000
53 68 181
53 73 256
53 108 546
53 113 903
53 134 339
53 175 827
53 205 509
53 238 171
54 74 301
54 100 856
54 157 884
54 207 568
54 227 94
55 97 611
55 106 162
55 160 438
55 221 537
56 67 779
56 93 833
56 146 353
56 189 658
56 196 599
57 85 154
57 110 531
57 123 610
57 129 993
57 201 591
57 228 163
58 61 925
59 119 832
59 134 262
59 231 439
59 238 786
60 67 928
60 177 580
60 202 766
60 226 723
61 75 657
61 89 665
61 113 569
61 149 620
61 192 168
62 128 304
62 147 748
62 227 826
63 69 295
63 98 187
63 131 117
63 173 654
63 177 413
64 65 276
64 72 414
64 98 167
64 155 843
65 112 281
65 143 92
65 150 451
65 168 971
65 229 374
66 74 770
66 120 396
66 164 594
66 198 909
66 216 925
67 109 897
67 153 157
68 86 648
68 101 577
68 138 305
68 166 785
69 74 364
69 90 956
69 117 7
69 133 161
69 199 157
70 160 214
70 188 442
71 137 930
71 160 182
71 169 219
71 233 488
72 132 146
72 140 613
72 146 955
72 152 756
72 232 212
73 86 115
74 190 859
75 120 184
76 160 308
76 167 823
76 187 453
76 200 754
77 232 222
78 99 882
78 103 818
78 136 621
78 219 247
78 223 522
79 91 391
80 86 928
80 113 719
80 131 153
80 155 733
80 210 883
81 92 26
81 105 725
81 164 182
81 168 86
81 190 394
81 193 175
82 84 599
82 159 422
82 168 834
82 209 717
83 113 404
83 170 279
83 228 302
84 106 124
84 175 23
84 187 393
84 193 889
84 203 998
85 134 807
85 216 655
85 233 464
86 144 567
86 216 517
87 92 680
87 100 251
87 111 995
87 141 811
89 128 294
89 132 267
89 176 946
89 185 621
89 193 911
89 202 554
90 100 721
90 148 473
90 180 897
91 113 22
91 131 679
91 158 812
92 211 452
92 216 723
92 222 18
93 119 765
93 189 159
93 236 851
93 238 515
94 131 486
94 170 363
94 199 143
95 109 272
95 119 537
95 153 518
95 158 917
95 171 386
96 172 464
96 199 333
97 126 53
97 196 542
97 212 858
98 110 279
98 122 381
98 141 711
99 159 699
99 185 194
100 163 7
100 164 352
100 185 893
100 216 459
100 220 108
101 194 630
102 169 429
102 213 213
103 112 120
103 134 934
103 162 574
105 106 984
105 108 332
105 182 806
105 184 377
105 196 624
106 153 437
106 156 666
106 158 870
106 169 524
107 125 187
107 141 701
107 142 74
107 154 398
107 192 214
108 118 172
108 122 857
108 171 889
109 130 653
109 159 38
110 143 584
110 147 571
110 151 363
110 164 243
111 163 822
111 185 96
111 221 582
112 199 897
113 187 922
113 233 704
114 119 438
114 124 103
114 162 21
114 192 860
115 118 547
115 188 289
115 197 420
115 222 845
115 228 759
115 229 882
116 118 822
116 157 269
116 223 389
117 148 459
117 219 342
118 158 859
118 229 564
119 134 24
119 217 223
121 122 865
121 154 17
121 222 50
122 135 248
122 162 200
123 206 394
124 162 794
124 193 435
125 129 234
125 140 39
125 199 438
126 130 832
126 147 806
127 161 650
127 236 568
128 147 524
128 201 897
129 189 346
129 203 847
129 223 805
130 137 384
130 169 591
130 189 840
130 193 816
130 208 513
131 151 513
131 167 264
131 214 158
132 221 346
133 202 281
133 220 367
133 233 166
135 157 70
135 179 916
135 186 952
135 189 903
135 228 582
137 180 132
137 181 244
137 213 744
138 178 739
139 206 627
139 220 714
139 223 314
139 231 521
140 161 539
140 205 979
140 215 694
141 230 745
142 143 988
142 164 614
142 179 250
142 193 292
142 199 18
142 201 376
143 144 744
143 239 615
144 158 877
144 165 859
145 169 116
145 204 530
146 169 433
146 186 68
146 224 326
147 166 278
148 167 461
148 220 995
149 239 765
150 215 31
150 233 296
151 233 119
152 167 367
152 169 936
152 185 951
152 237 254
153 191 695
153 237 156
154 167 72
154 171 954
154 172 412
157 179 640
157 221 684
158 210 56
160 171 884
160 186 535
160 207 164
161 178 102
161 182 371
161 220 643
161 235 534
162 183 370
162 202 72
163 196 428
163 239 646
164 171 430
165 219 396
166 195 229
166 239 787
167 178 258
170 200 165
171 210 585
172 214 944
172 219 392
172 225 737
173 216 950
175 219 363
175 229 747
176 239 780
177 236 307
179 180 115
179 208 386
180 186 320
181 190 84
181 199 43
181 239 322
184 198 695
186 225 512
187 189 53
187 217 991
188 201 47
188 213 170
188 217 188
191 218 401
194 229 137
195 228 804
199 229 549
200 219 362
201 227 563
202 224 277
203 204 808
203 223 945
203 230 466
204 205 893
205 222 512
205 236 200
206 211 322
207 231 341
207 235 205
208 216 377
209 213 113
209 214 382
211 232 46
211 233 993
213 224 496
214 237 335
215 225 92
215 230 201
216 226 953
222 226 447
222 236 219
224 227 816
224 239 197
234 238 366
86 207
9 9 18
6 10 14 18 24 49 62 70 71
2 4 32 36 40 47 64 73 84
0 1 596
0 56 9
0 77 336
1 5 452
1 41 1
1 51 235
1 72 176
2 9 727
2 22 702
2 24 468
2 30 98
2 38 985
2 82 21
3 28 354
3 30 686
3 34 16
3 54 910
3 85 169
4 11 294
4 44 667
4 59 462
4 61 366
4 76 997
4 84 205
5 10 82
5 15 597
5 21 942
5 29 749
5 70 189
6 7 522
6 16 572
6 70 678
6 74 694
7 12 918
7 30 240
7 41 469
7 75 323
7 81 368
8 28 122
8 57 850
8 73 983
8 85 990
9 13 481
9 18 561
9 27 310
9 30 449
9 31 50
9 48 8
9 70 539
10 20 36
10 29 852
10 57 379
10 72 377
10 84 593
11 56 433
11 59 490
11 68 355
11 70 473
11 72 784
12 50 928
12 60 592
12 79 27
13 14 290
13 15 744
13 16 459
13 80 662
14 30 8
14 46 998
14 68 382
14 78 776
15 22 290
15 30 423
15 58 863
15 63 804
15 70 507
15 78 730
15 79 864
15 85 883
16 31 561
16 64 827
17 36 996
17 44 429
17 45 643
17 75 688
17 80 542
18 20 677
18 21 261
18 25 401
18 63 340
18 64 35
18 73 509
19 23 29
19 24 207
19 36 792
19 79 5
20 27 758
20 51 429
20 53 153
20 58 315
20 65 114
21 30 979
21 73 662
21 82 299
22 32 352
22 33 614
22 34 596
22 38 508
22 47 199
22 64 565
22 80 660
23 47 310
23 72 912
24 37 947
24 78 714
25 30 331
25 38 883
25 83 155
26 66 156
26 68 975
26 70 35
27 29 427
27 65 557
28 54 260
28 57 641
28 82 831
29 46 244
29 52 815
29 67 964
29 68 941
30 51 173
31 49 918
31 76 373
32 55 244
32 79 490
33 49 755
34 76 681
34 82 175
35 37 256
35 40 715
35 57 705
35 66 205
35 72 688
35 74 346
36 57 25
36 62 132
36 68 399
37 58 216
37 72 58
38 51 991
38 54 635
38 55 877
39 56 926
39 62 313
40 51 903
40 56 929
41 55 854
41 70 370
42 49 935
42 60 38
42 70 715
43 57 736
44 51 531
44 72 582
44 79 649
45 51 681
45 53 125
45 70 757
45 74 715
45 78 226
45 85 673
47 55 68
47 65 739
47 67 806
48 51 921
48 65 877
48 83 872
49 54 510
49 59 845
52 57 392
53 56 34
53 80 147
54 55 249
54 60 920
55 57 464
55 83 119
55 85 697
57 62 994
57 69 341
58 74 528
60 68 819
61 66 445
62 80 937
62 84 499
63 72 938
63 75 238
64 67 946
64 71 880
67 70 881
67 77 362
68 77 445
70 78 895
70 82 302
72 79 126
72 84 69
75 81 555
81 83 975
82 83 76
400 1105
4 3 185
107 281 353 378
82 141 188
0 138 761
0 166 488
1 9 345
1 112 860
1 144 773
2 16 968
2 22 703
2 45 816
2 70 80
2 92 496
2 117 727
2 130 214
2 241 170
3 101 803
3 118 254
3 132 690
3 183 913
3 291 856
3 362 961
3 369 932
4 7 137
4 166 681
4 213 127
4 335 775
5 11 775
6 33 366
6 82 460
6 100 188
6 110 820
6 138 967
6 286 884
6 376 407
7 102 355
7 194 227
7 347 460
8 31 833
8 73 836
8 301 741
8 348 848
8 376 77
9 27 314
9 128 882
9 228 142
9 261 299
9 298 664
10 121 333
10 217 160
10 326 222
10 379 512
11 187 923
11 337 408
12 354 72
12 382 977
13 103 622
13 178 680
13 228 949
13 335 828
13 358 376
14 68 204
14 86 52
14 163 252
14 178 122
14 223 683
14 225 513
14 258 351
14 284 693
14 291 764
15 91 597
15 112 764
15 153 916
15 250 591
15 282 67
15 309 687
15 325 556
15 341 891
15 348 417
15 374 344
15 379 539
16 94 378
16 100 896
16 286 905
16 357 78
17 214 283
17 234 465
17 363 971
18 48 991
18 108 515
18 136 102
18 194 792
18 232 61
18 260 541
18 313 412
18 388 325
19 225 156
19 312 493
19 392 130
20 110 695
20 116 51
20 182 333
20 313 42
20 386 850
21 30 490
21 90 738
21 103 250
21 216 103
21 220 240
21 229 28
21 386 119
21 395 704
22 144 645
22 236 431
22 311 310
22 339 615
23 75 698
23 285 277
23 370 509
24 34 186
24 80 425
24 146 445
24 199 556
24 333 90
24 345 809
25 52 344
25 54 688
25 147 418
25 166 701
25 218 271
25 287 326
26 61 778
26 118 687
26 154 354
26 256 503
26 265 357
26 293 91
27 146 479
27 262 68
27 312 577
27 375 373
27 392 26
28 93 310
28 109 321
29 162 845
29 348 88
29 367 183
30 138 208
30 203 98
30 262 620
31 206 461
31 283 323
31 328 314
31 332 863
31 387 107
32 98 317
32 159 955
32 296 466
32 317 183
32 368 776
32 388 52
32 397 943
33 51 289
33 89 502
33 226 203
33 263 471
33 313 193
33 386 624
34 76 806
34 151 579
34 204 662
34 329 647
34 334 743
34 339 966
35 182 116
35 200 799
35 314 558
35 333 589
35 396 2
36 114 89
36 141 613
36 276 425
36 293 462
36 307 745
36 366 326
36 389 853
37 121 426
37 333 640
37 393 570
38 39 703
38 132 253
38 142 39
38 206 135
38 359 798
38 364 936
39 82 682
39 197 523
39 319 941
39 323 483
39 394 412
40 52 754
40 80 588
40 250 739
40 251 873
40 276 674
41 139 524
41 224 538
41 236 852
41 330 773
42 71 221
42 80 134
42 108 403
42 127 535
42 147 800
42 181 148
42 246 384
42 352 234
43 146 858
44 64 59
44 87 989
44 144 85
44 148 769
44 341 844
44 357 818
44 363 24
45 46 996
45 382 867
46 51 29
46 75 474
46 124 806
46 217 279
46 232 728
46 315 423
46 377 123
47 96 541
47 113 767
47 192 1000
47 305 119
48 50 780
48 59 120
48 131 869
48 199 677
48 221 931
48 310 639
48 384 910
49 100 144
49 114 319
49 322 265
49 392 518
49 396 611
50 109 991
50 114 43
50 217 696
50 246 237
50 325 271
50 346 1000
50 366 522
51 68 298
51 195 5
51 254 497
51 312 265
51 350 955
52 164 772
52 299 811
53 267 461
53 301 796
53 312 458
53 374 606
53 378 165
54 257 696
54 343 22
54 353 741
55 97 287
55 338 350
55 364 134
56 123 735
56 124 78
56 149 81
56 168 493
56 224 841
56 289 158
56 382 161
57 70 630
57 83 626
57 162 552
57 231 817
57 256 561
57 351 277
58 77 497
58 124 580
58 148 744
58 273 476
58 307 508
58 324 667
59 161 51
59 245 395
59 337 288
59 364 746
60 130 241
60 135 309
60 150 248
61 90 191
61 133 576
61 215 983
61 264 761
62 77 118
62 93 738
63 145 842
63 168 834
63 174 199
63 227 767
63 285 971
63 367 439
64 75 12
64 197 771
64 236 511
64 255 102
64 282 61
64 317 972
65 87 707
65 113 886
65 151 916
65 156 611
65 246 467
65 260 578
65 297 776
65 351 330
66 154 321
66 195 929
66 207 830
66 232 268
67 76 744
67 172 569
67 177 999
67 213 623
67 379 109
68 69 171
68 75 593
68 167 71
68 307 597
68 317 660
68 370 953
69 165 604
69 171 467
69 207 30
69 212 395
69 321 314
69 385 949
69 394 170
70 73 885
70 228 843
70 251 283
70 301 991
70 327 303
70 341 373
70 379 774
70 399 377
71 88 418
71 93 873
71 260 41
71 286 520
71 398 211
72 105 60
72 273 158
72 364 999
73 91 682
73 95 971
73 117 400
73 176 367
73 187 89
73 213 808
73 254 101
73 398 724
74 236 271
74 280 98
74 344 199
74 365 883
75 114 921
75 196 483
75 203 208
76 146 174
76 153 475
76 175 702
76 181 800
76 193 322
76 237 603
76 259 457
76 284 656
77 101 991
77 145 91
77 149 909
77 195 576
77 246 752
77 253 600
77 320 281
77 331 421
78 215 946
78 283 87
78 353 212
79 167 668
79 168 817
79 334 522
79 366 816
80 120 216
80 209 118
80 397 805
81 93 794
81 167 822
81 200 365
82 101 782
82 319 789
82 382 96
82 388 970
82 389 263
83 139 632
83 181 156
83 241 868
83 285 473
83 308 411
83 376 326
84 156 895
84 176 888
84 212 402
84 224 966
84 357 266
85 115 791
85 273 300
85 290 92
86 89 28
86 159 116
87 115 191
87 169 423
87 305 114
87 389 69
87 395 833
88 111 331
88 121 192
88 189 171
88 277 370
88 299 347
88 309 803
88 346 632
89 100 404
89 126 234
89 171 778
89 203 773
89 205 763
89 219 212
89 302 810
90 227 573
90 284 343
90 383 830
91 133 911
91 154 447
91 319 428
91 336 767
92 112 668
92 143 133
92 193 130
92 210 180
92 245 704
92 339 572
93 173 194
93 291 332
93 330 520
94 139 142
94 290 500
95 164 365
95 201 867
95 214 931
95 339 773
96 145 583
96 201 886
96 283 869
96 296 552
97 342 139
98 134 312
98 148 909
98 263 870
98 269 401
98 276 885
98 301 398
99 100 865
99 183 92
99 188 226
99 311 790
99 347 265
99 386 497
100 132 43
100 277 633
100 291 184
100 371 294
100 374 59
101 122 52
101 187 619
102 213 297
102 375 484
103 200 97
103 264 893
103 321 755
103 353 107
103 374 528
104 339 919
105 125 225
105 214 646
106 183 26
106 210 217
106 272 409
107 119 808
107 162 922
107 229 841
107 238 636
107 240 656
107 242 419
107 264 720
107 297 846
108 196 832
108 306 609
108 311 69
109 151 412
109 167 486
109 271 122
109 295 408
109 369 343
110 137 633
110 246 215
110 274 598
110 385 657
111 124 923
111 241 479
112 234 775
112 291 994
112 321 819
113 181 451
113 248 732
113 303 228
113 354 177
113 391 943
114 321 598
114 328 941
114 360 805
115 127 218
115 177 592
115 305 37
115 306 692
115 348 790
116 137 876
116 278 831
116 288 417
117 138 167
117 189 529
117 399 217
118 170 78
118 313 444
118 336 268
119 155 45
119 234 296
119 292 219
119 341 655
119 346 185
120 209 894
120 383 796
120 389 463
121 150 502
121 186 111
121 203 305
121 212 14
122 212 492
122 223 136
122 234 960
122 290 136
122 362 480
123 179 117
123 183 199
123 266 622
123 315 672
123 354 65
124 141 662
124 161 965
124 204 437
124 310 57
125 150 630
125 199 470
125 291 530
126 141 821
126 366 487
127 145 771
127 275 174
127 314 939
127 375 509
128 134 558
128 145 176
128 168 753
128 180 317
128 211 86
128 223 412
128 270 946
128 388 171
128 392 406
129 134 561
129 168 878
129 176 692
129 254 564
129 345 422
130 201 343
130 218 259
130 221 371
130 286 887
130 337 147
131 157 286
131 196 917
131 213 575
131 298 59
132 177 401
132 354 80
132 358 870
134 162 904
135 144 189
135 255 254
135 273 251
135 321 927
135 338 493
136 212 326
136 296 129
136 297 736
136 312 826
137 253 529
137 380 23
138 230 560
139 188 593
139 279 975
140 230 911
140 231 808
140 334 897
140 383 888
141 352 122
141 387 854
142 239 390
142 241 485
142 246 37
142 281 192
143 250 644
143 328 398
143 346 107
143 397 241
144 204 80
144 205 300
144 277 845
144 315 974
144 325 757
145 218 783
145 238 300
145 327 432
145 373 943
146 168 15
146 187 314
146 195 483
146 203 5
146 246 435
146 357 141
147 348 315
147 379 271
148 209 63
148 212 560
148 255 558
148 334 218
149 196 9
149 269 550
150 232 1000
150 329 180
150 353 903
151 221 41
151 248 786
151 261 4
151 342 596
152 214 256
153 173 435
153 222 36
153 237 181
153 266 656
153 371 325
153 398 708
154 176 175
154 241 106
155 173 510
155 188 345
155 205 362
155 228 285
155 322 336
155 368 389
155 370 261
156 174 605
156 183 101
156 227 520
156 238 456
156 360 419
156 389 536
157 180 209
157 267 9
157 307 108
157 345 897
157 363 478
158 235 413
158 391 212
159 184 15
159 228 403
159 255 667
160 230 561
160 258 862
160 286 410
160 332 50
160 334 514
160 341 43
160 380 668
161 166 286
161 301 493
162 184 441
162 190 544
162 223 197
162 316 225
162 383 374
163 254 527
163 366 210
164 257 149
164 300 934
164 302 543
164 337 25
164 381 751
165 333 586
166 189 529
166 365 886
167 169 196
167 189 683
167 260 906
167 280 549
167 398 671
168 175 633
168 197 191
169 209 305
169 253 498
169 288 206
170 193 299
171 179 635
171 383 370
172 250 456
172 273 535
172 280 179
172 282 241
172 289 45
172 299 253
172 316 947
172 381 396
173 230 250
174 212 655
174 231 216
174 252 921
174 357 254
174 374 208
174 391 504
175 258 967
175 284 863
175 288 565
175 304 873
175 327 233
175 398 728
176 233 166
176 236 433
176 262 811
176 279 105
177 219 224
178 180 820
178 286 569
178 307 568
178 392 648
179 286 750
179 312 151
179 330 101
179 398 219
180 342 44
180 356 648
180 363 485
180 383 162
180 386 129
181 221 460
182 268 576
182 274 218
182 280 555
182 291 684
182 293 250
182 381 641
183 224 109
183 260 163
183 314 620
183 326 121
184 281 718
184 345 681
185 195 145
185 281 72
185 320 238
186 283 777
186 377 946
187 273 912
187 288 583
188 258 600
188 288 844
189 191 512
189 243 517
189 263 94
190 281 147
190 309 908
191 248 4
191 292 778
191 318 35
191 380 75
192 239 571
192 256 32
192 344 816
192 355 779
193 245 47
193 335 865
193 341 31
194 292 7
194 328 962
194 386 263
194 390 483
194 394 312
195 315 736
195 336 131
196 205 389
197 225 73
197 229 433
197 266 121
197 268 334
198 260 123
199 207 913
199 209 430
199 212 186
199 242 237
199 313 805
199 374 61
200 253 727
200 276 752
200 289 746
200 356 740
200 366 195
201 293 431
202 262 262
202 296 598
202 329 389
203 215 215
203 294 537
203 310 919
204 239 373
204 271 54
204 295 188
205 335 383
205 396 405
207 245 708
207 279 510
207 382 522
208 249 500
209 249 616
210 223 199
210 243 959
210 268 320
210 271 805
210 276 246
210 320 698
210 326 812
210 343 142
210 383 361
210 384 319
211 213 319
211 237 221
211 326 263
211 329 518
212 244 236
212 289 449
212 339 266
214 273 817
214 275 412
214 339 883
216 288 258
216 312 689
216 314 490
216 394 760
217 295 983
217 347 337
217 354 518
217 365 6
217 391 8
218 316 831
218 365 415
218 366 853
219 286 4
219 302 166
220 233 729
220 269 826
220 275 735
220 323 485
220 341 438
221 248 356
221 389 425
222 281 546
222 349 257
223 252 753
223 333 8
224 239 878
224 259 860
224 290 260
225 249 248
225 257 731
225 276 670
226 227 885
226 328 147
226 341 262
226 366 258
226 386 831
227 367 254
228 287 358
228 307 833
228 352 402
230 342 234
231 254 683
231 276 173
231 336 12
232 237 83
232 283 534
232 290 196
234 281 955
234 307 208
235 273 396
235 290 588
235 316 361
236 302 738
236 387 414
238 285 306
238 301 73
238 320 388
238 380 34
240 303 600
241 307 816
242 300 841
243 343 754
244 247 290
244 272 396
245 251 669
245 281 59
246 321 112
246 361 118
246 386 365
247 312 224
247 361 994
248 316 939
248 345 903
249 251 753
249 320 748
251 288 712
251 324 129
251 369 347
252 280 361
252 303 337
252 336 280
252 366 752
253 396 925
254 340 566
254 391 311
255 261 819
255 294 676
255 399 28
256 274 543
256 314 835
256 349 520
256 374 33
256 377 693
256 392 877
257 361 289
258 308 766
260 266 572
262 276 978
263 288 737
263 350 436
263 357 168
263 399 512
264 312 130
264 366 399
264 396 626
265 273 154
265 349 957
265 355 843
266 386 568
267 344 279
268 271 500
268 274 276
268 299 682
270 318 597
270 341 298
271 284 749
272 280 740
272 330 238
273 387 852
274 275 197
276 281 628
276 295 334
278 283 189
278 360 86
280 287 476
280 391 566
281 291 140
282 343 608
282 352 877
283 386 166
285 352 838
286 337 216
286 342 127
286 373 152
288 299 915
288 323 253
290 299 277
291 344 166
291 346 740
291 364 291
291 367 577
292 341 736
292 342 698
292 390 544
293 325 754
293 338 646
294 364 865
296 348 66
297 300 360
298 372 122
298 375 29
300 368 86
301 375 545
303 396 586
305 327 35
305 339 364
307 347 211
308 316 177
308 369 73
310 350 217
310 396 197
311 366 570
311 387 814
313 350 834
313 352 357
314 374 663
315 374 828
315 389 34
315 392 480
316 393 507
317 325 526
317 333 963
317 348 483
317 352 106
320 381 320
322 343 258
322 371 869
322 392 136
322 399 887
323 364 297
323 376 971
324 326 947
330 389 450
331 364 329
333 348 662
334 338 199
334 381 629
335 387 807
335 392 663
336 348 956
336 362 726
336 363 288
338 377 838
341 357 389
341 367 811
342 370 428
342 399 322
343 377 803
344 361 940
345 361 360
345 393 907
347 366 518
347 381 511
347 390 542
347 393 244
347 398 925
349 367 254
350 354 887
350 399 923
351 387 860
355 391 383
356 377 88
357 390 767
358 366 520
360 397 905
363 389 1000
364 365 758
364 392 119
367 372 800
368 399 415
370 394 22
374 391 414
375 399 762
382 387 181
382 394 65
389 396 125
400 1157
8 3 45
30 44 46 76 181 254 312 360
15 223 284
0 277 672
0 356 885
0 372 779
1 108 706
1 131 822
1 198 128
1 237 474
1 243 871
1 281 978
1 282 206
2 127 455
2 277 775
2 335 773
2 360 407
3 45 630
3 46 628
3 58 427
3 155 975
3 187 871
3 259 27
3 283 141
4 43 879
4 111 868
4 136 445
4 220 860
5 69 102
5 101 323
5 152 665
5 168 504
5 309 265
6 44 271
6 111 525
6 131 629
6 324 193
6 360 460
7 81 425
7 113 375
7 185 199
7 203 26
7 278 843
7 350 892
8 288 821
8 302 907
8 366 442
9 64 566
9 103 448
9 297 17
10 12 671
10 31 206
10 131 614
10 239 12
10 242 672
10 305 571
10 331 181
10 344 292
11 74 486
11 186 400
11 241 881
11 267 624
11 389 685
12 50 242
12 84 948
12 89 164
12 194 332
12 270 622
12 285 626
13 43 16
13 75 414
13 98 438
13 166 795
13 196 92
13 219 311
13 235 755
13 311 283
13 325 190
14 87 229
14 128 168
14 148 975
14 172 161
14 193 951
14 221 663
14 246 134
14 285 320
14 373 824
15 45 144
15 71 202
15 177 179
15 282 733
15 386 640
15 398 91
16 116 297
16 171 767
17 68 683
17 83 982
17 89 665
17 99 194
17 144 913
17 185 912
17 320 657
18 20 862
18 37 416
18 66 417
18 168 10
18 181 193
18 200 804
18 208 297
18 271 470
18 277 175
18 362 975
18 385 919
19 134 905
19 193 479
20 47 652
20 225 417
20 240 236
20 301 582
20 394 945
21 121 428
21 130 927
21 205 644
21 257 732
21 292 919
21 293 895
21 343 125
22 83 314
22 104 607
22 137 35
22 150 453
22 163 97
22 168 787
22 251 35
22 322 174
22 333 380
23 65 319
23 278 368
23 307 100
23 348 527
24 27 907
24 73 252
24 112 464
24 143 172
24 164 765
24 185 664
24 186 317
24 188 245
24 279 918
24 324 429
24 392 867
25 152 446
25 174 532
25 200 824
25 218 68
25 240 703
25 276 363
26 51 979
26 101 342
26 209 448
26 263 502
26 320 718
26 398 214
27 70 203
27 206 573
27 284 220
27 311 988
28 68 242
28 192 219
29 50 573
29 68 681
30 289 433
31 49 698
31 53 449
31 82 440
31 84 281
31 259 739
31 300 593
31 356 491
32 41 904
32 107 208
32 154 820
32 192 799
32 229 269
32 398 310
33 78 389
33 251 93
34 120 159
34 164 312
34 177 563
34 339 547
34 399 410
35 122 215
35 147 918
35 167 609
35 188 202
35 290 172
35 387 523
36 79 135
36 192 341
36 275 618
36 377 882
36 382 792
36 386 263
37 131 812
37 251 738
37 254 984
37 322 414
38 78 999
38 88 802
38 215 38
38 232 767
38 265 840
38 295 663
38 341 58
39 80 607
39 82 643
39 144 367
39 226 273
40 189 951
40 300 463
40 349 108
41 67 972
41 252 764
41 254 850
41 281 145
42 122 164
42 133 423
42 138 240
42 217 953
42 255 120
42 295 558
43 77 956
43 126 952
43 137 621
43 182 234
43 230 417
43 231 682
43 240 712
43 253 663
43 282 883
43 314 796
43 345 814
44 84 681
44 113 401
44 134 558
44 200 672
45 71 702
45 81 323
45 134 360
45 327 557
46 267 978
46 279 14
46 313 122
46 326 60
47 333 537
47 377 7
47 395 878
48 57 895
48 116 235
48 177 488
48 262 891
49 140 918
49 238 972
49 245 782
49 274 423
49 303 81
50 91 400
50 187 937
50 194 573
50 277 873
51 328 331
51 362 888
52 89 792
52 240 739
52 271 941
52 316 409
52 371 819
53 100 613
53 108 231
53 110 527
53 203 347
53 256 160
53 342 213
53 378 318
53 383 565
54 148 630
54 234 119
54 274 506
54 284 702
54 307 120
54 339 819
55 207 170
55 291 131
55 357 996
55 375 192
56 144 47
56 195 890
56 239 606
56 309 976
57 63 222
57 133 526
57 254 435
57 369 773
57 375 780
58 213 135
58 218 985
58 231 493
58 243 337
58 263 754
58 282 498
58 307 977
58 338 91
59 105 12
59 112 214
59 154 406
59 181 279
59 183 931
59 237 724
59 351 407
60 85 377
60 269 137
60 292 146
60 321 373
60 359 307
61 84 910
61 101 852
61 181 924
61 184 180
61 201 571
61 261 425
62 109 783
62 140 600
62 298 458
62 352 983
63 130 448
63 173 516
63 271 268
63 297 781
63 320 249
64 107 571
64 145 235
64 148 30
64 203 614
64 313 916
64 392 708
65 173 725
65 348 415
66 240 26
66 281 858
66 370 78
67 90 68
67 96 906
67 222 196
67 226 401
67 252 955
67 383 430
68 366 127
69 109 713
69 334 864
69 336 706
69 354 750
70 158 647
70 199 786
70 321 14
71 187 722
71 290 26
71 373 87
72 238 158
73 327 68
73 378 536
74 111 781
74 122 32
74 271 254
74 337 208
74 390 755
75 89 133
75 116 20
75 123 361
75 258 481
75 293 457
75 331 430
76 108 518
76 156 419
76 279 100
76 284 574
76 363 77
77 111 120
77 127 901
77 193 888
77 217 376
77 241 873
77 384 71
78 104 579
78 127 507
78 135 228
78 337 700
79 129 162
79 144 110
79 231 328
79 294 37
79 306 727
80 291 568
81 257 154
81 333 1
81 335 363
82 97 717
82 107 328
82 249 350
82 298 912
83 222 771
83 265 326
83 300 54
83 317 106
83 371 480
83 386 675
83 390 898
84 89 792
84 145 347
84 322 83
84 386 745
85 103 936
85 151 778
85 386 109
86 205 956
86 241 654
86 308 508
86 315 836
87 185 158
87 195 786
87 309 25
87 332 974
87 339 745
87 364 722
88 138 309
88 195 296
88 196 595
88 348 347
88 352 902
88 356 622
88 399 1000
89 118 903
89 126 368
89 147 737
89 220 567
89 243 913
89 263 180
89 264 455
90 154 507
90 161 835
90 168 370
90 189 906
90 200 923
90 218 48
90 255 591
90 284 133
91 124 914
91 144 255
91 189 193
91 193 624
91 226 930
91 306 458
91 321 414
92 100 850
92 150 950
92 190 193
92 231 787
92 265 951
92 357 595
93 104 327
93 218 21
93 223 271
93 258 489
93 335 996
94 198 290
94 293 767
95 106 695
95 127 381
95 179 972
95 287 476
95 398 359
96 164 961
96 314 698
97 184 268
97 187 163
97 199 507
97 258 473
98 136 862
98 151 563
98 210 198
98 246 859
98 318 512
99 127 937
99 153 372
99 206 23
99 249 745
99 306 798
99 315 653
100 135 777
100 177 829
100 181 819
100 241 494
100 268 474
101 126 211
101 146 903
101 267 731
101 380 761
102 209 80
102 336 93
103 198 460
103 199 189
103 243 737
103 267 822
103 281 967
104 124 146
104 215 291
104 261 100
104 265 49
104 353 819
105 200 653
105 296 772
106 140 712
106 234 964
106 240 882
106 360 20
107 110 229
107 115 810
107 126 281
107 156 177
107 200 857
107 213 561
107 335 695
108 189 924
108 202 679
108 286 151
109 165 722
109 204 751
109 337 797
109 341 109
110 131 38
110 243 764
110 390 816
111 124 797
111 160 513
111 228 33
111 240 807
111 296 975
111 313 626
111 385 172
112 164 317
112 222 274
112 228 875
112 268 496
112 312 955
113 155 843
113 216 784
113 221 67
113 311 550
114 174 290
114 198 731
114 205 623
114 213 231
114 277 37
114 315 345
115 160 729
115 162 192
115 183 603
115 283 292
115 319 718
116 354 910
117 179 574
117 230 213
118 191 33
118 361 354
118 364 786
119 148 112
119 163 898
119 208 946
119 359 308
120 121 225
120 225 896
120 289 605
120 392 15
121 142 91
121 161 766
121 245 635
121 250 40
121 308 63
121 377 370
121 393 278
123 140 562
123 160 918
123 162 834
123 182 368
123 200 804
123 218 687
123 235 89
124 155 927
124 189 999
124 209 962
124 257 418
124 284 110
124 286 216
124 373 803
125 258 272
125 321 415
125 369 673
126 128 503
126 209 276
126 292 280
126 316 228
126 333 550
127 128 829
127 130 848
127 176 582
127 211 819
127 264 307
127 375 891
128 131 547
128 199 468
128 203 172
128 208 863
128 281 548
129 273 857
129 320 910
129 334 39
129 340 192
129 355 473
130 226 289
130 276 157
130 304 485
130 311 241
130 397 492
131 342 131
131 370 637
132 216 649
132 236 128
132 387 229
133 184 906
133 213 651
133 227 108
133 260 996
133 269 751
133 282 224
133 311 531
133 333 785
134 229 601
134 366 469
135 140 749
135 155 422
135 168 473
135 327 737
136 148 144
136 152 445
136 232 186
136 374 32
136 376 11
137 141 618
137 148 834
137 149 279
137 158 218
137 159 813
138 147 826
138 210 439
138 211 725
138 217 692
138 286 61
138 334 256
138 388 777
139 170 100
139 246 602
139 349 571
139 366 916
140 234 915
140 256 944
140 343 516
141 212 376
141 267 875
141 359 175
141 363 636
142 203 787
142 340 691
143 166 159
143 186 574
143 217 76
143 333 871
144 236 746
144 258 436
145 155 603
145 382 511
145 392 712
146 214 243
146 367 699
147 267 369
147 284 639
147 327 5
147 334 933
147 353 131
148 288 437
149 296 132
150 255 242
150 296 860
151 262 642
151 352 992
151 390 466
151 399 367
152 160 262
152 261 48
152 300 14
152 381 357
152 383 703
153 209 658
153 369 230
153 382 564
154 162 75
154 216 761
154 225 403
154 320 453
154 350 284
154 394 892
155 167 584
155 221 360
155 240 723
155 278 747
156 161 850
156 263 653
156 273 112
156 339 667
157 172 375
157 229 194
157 315 304
157 389 985
157 393 474
158 207 106
158 324 493
159 169 147
159 270 204
159 294 317
159 305 387
159 372 189
160 314 847
160 336 124
161 212 805
162 182 829
162 300 251
163 265 271
163 314 596
163 379 314
164 230 15
164 395 262
165 195 496
166 255 355
167 277 813
167 357 103
168 212 603
168 250 972
168 272 812
168 278 607
168 337 957
168 346 452
169 178 529
169 245 171
169 280 613
169 314 885
169 373 747
169 386 338
171 226 83
171 232 521
171 263 779
172 300 275
172 372 266
173 202 814
173 210 948
173 308 369
173 390 849
174 208 673
174 257 848
174 379 668
175 202 632
175 214 221
175 224 101
175 256 548
175 293 242
176 230 88
176 273 684
176 276 870
176 321 411
176 326 411
176 386 821
177 230 824
177 273 8
177 375 549
178 248 76
178 249 188
178 269 308
178 358 982
179 358 178
180 218 724
180 264 290
180 305 914
180 308 90
180 367 30
180 370 956
180 383 852
180 390 164
181 259 652
181 267 324
182 268 101
182 287 47
182 316 703
182 361 675
182 364 618
182 375 843
182 376 218
182 386 191
183 190 231
184 240 878
184 268 291
184 341 435
184 344 662
185 246 527
185 272 402
185 288 619
185 306 785
185 339 609
186 192 943
186 232 488
186 370 461
186 390 546
187 247 782
187 316 513
187 371 906
188 251 43
188 257 880
188 296 817
188 337 231
189 336 504
190 218 888
190 221 956
190 246 405
190 328 209
191 219 686
191 220 817
192 231 928
192 292 781
192 298 975
192 305 684
192 358 241
193 256 482
194 241 755
194 340 185
194 341 600
195 223 611
195 271 12
195 295 200
195 304 481
195 307 326
195 319 489
195 347 68
195 355 977
196 286 755
196 350 471
196 357 29
197 339 878
197 344 295
197 396 737
198 205 121
198 264 6
199 327 989
200 229 334
200 373 877
201 237 437
201 255 683
202 273 482
202 344 482
203 278 396
203 353 11
203 369 688
205 263 943
205 384 806
206 215 316
206 248 407
206 382 944
207 215 611
208 257 188
208 267 222
208 342 775
208 354 999
209 392 338
210 231 11
210 255 254
210 314 563
210 320 722
210 355 298
211 228 820
211 240 211
212 311 277
212 334 693
213 252 396
213 308 412
214 238 144
214 289 990
214 363 244
216 311 23
217 336 771
218 231 56
219 347 544
220 237 41
220 247 995
220 363 492
220 367 700
221 230 80
221 277 351
221 376 741
222 265 567
222 393 225
223 226 325
223 301 490
223 326 489
223 377 840
224 279 216
224 348 422
224 357 555
224 374 478
225 295 261
225 374 628
226 236 550
226 254 4
226 281 268
227 264 944
227 270 531
227 285 230
227 378 122
228 236 781
228 338 301
230 236 728
230 312 114
230 340 934
230 381 690
231 248 567
231 327 186
231 356 683
231 381 483
232 251 86
232 292 276
232 326 252
233 305 792
233 312 542
233 338 152
233 349 848
233 353 160
234 327 522
235 251 364
235 253 733
235 326 926
235 340 865
235 370 366
236 247 460
236 379 942
237 263 453
238 249 155
238 251 667
238 266 657
238 312 62
238 360 403
238 391 195
239 357 810
240 288 45
241 286 899
241 298 378
241 303 864
241 366 559
242 245 12
242 327 412
242 366 589
243 364 753
244 328 78
245 348 165
245 357 620
246 262 349
246 310 573
247 248 38
247 312 905
248 283 901
248 295 58
248 350 730
249 278 752
250 262 346
250 321 482
251 302 808
251 317 998
252 270 653
252 279 942
252 324 411
252 333 223
252 352 792
252 360 555
253 270 715
254 335 321
254 371 226
254 388 813
255 300 82
255 318 808
255 338 102
256 281 912
256 325 582
257 298 321
257 338 451
257 342 21
257 373 697
257 378 299
258 344 362
261 315 991
261 342 512
262 314 847
262 389 828
263 287 188
263 354 364
264 309 534
264 395 410
265 363 386
265 388 399
265 397 13
266 305 191
266 314 409
267 289 216
268 290 414
268 331 91
268 345 707
270 286 299
270 337 885
270 358 135
271 274 213
271 314 961
272 347 775
273 342 263
274 277 509
274 339 384
275 327 425
276 318 80
276 341 101
277 322 120
277 325 488
279 334 731
279 352 913
280 286 977
280 291 75
280 360 854
280 371 125
281 309 535
282 289 962
282 357 538
282 372 501
283 342 987
283 351 716
284 324 366
285 394 294
286 296 984
286 313 885
286 346 452
286 391 508
288 300 279
288 372 901
288 376 613
291 325 861
291 352 250
291 367 790
291 392 797
292 355 373
293 337 445
295 376 156
295 393 68
296 309 823
296 364 643
298 308 910
298 347 201
298 353 943
298 385 692
299 319 235
299 325 971
299 369 30
300 305 1
300 353 445
300 357 42
301 313 56
301 368 363
302 346 157
302 349 114
302 373 716
302 377 666
304 380 499
305 314 548
307 393 465
308 315 657
310 318 892
310 334 488
310 366 284
311 333 564
313 335 927
313 348 410
313 390 803
314 371 446
317 352 471
318 328 289
319 353 277
319 368 955
319 376 767
321 372 199
323 338 452
323 350 111
325 336 776
325 362 129
326 342 957
328 358 27
328 365 21
328 383 440
328 393 906
329 371 819
330 363 46
330 397 466
331 353 427
331 370 628
333 399 914
334 342 725
334 395 480
335 342 149
336 390 522
337 358 605
337 389 157
338 380 494
339 380 869
340 380 259
340 388 159
343 397 812
347 381 499
349 352 345
350 355 625
350 377 401
355 381 153
357 360 740
357 362 363
357 390 9
359 371 226
360 399 332
361 397 690
362 365 353
362 370 586
363 391 388
364 380 54
365 370 676
369 392 903
369 398 151
373 382 872
375 381 897
376 390 678
377 390 951
383 397 941
388 393 979
388 397 271
392 394 902
400 1038
6 5 377
30 135 155 205 301 342
61 85 191 334 373
0 1 465
0 316 559
1 179 49
1 181 766
1 240 568
1 333 759
2 98 609
2 197 664
2 248 131
2 256 305
2 290 336
2 363 301
3 50 471
3 125 947
3 328 310
4 40 815
4 49 429
4 63 711
4 114 839
4 152 980
5 15 137
5 44 295
5 77 904
5 114 933
5 172 339
5 181 101
5 199 599
5 314 832
5 357 198
6 17 26
6 56 572
6 240 222
6 334 222
7 95 331
7 184 715
7 285 857
7 289 255
7 304 666
7 392 966
8 74 547
8 75 507
8 120 746
8 129 340
8 198 63
8 217 61
9 65 727
9 70 175
9 142 157
9 235 114
9 239 603
10 193 326
10 204 526
10 232 76
10 258 778
10 320 449
10 358 236
11 54 411
11 130 470
11 203 139
11 244 819
11 313 912
11 340 939
11 365 196
12 89 73
12 130 719
12 258 765
12 290 122
12 389 557
13 67 203
13 97 11
13 162 991
13 280 8
14 118 484
14 190 73
14 303 285
14 354 514
15 26 711
15 47 637
15 84 949
15 91 25
15 218 394
15 326 306
16 154 802
16 192 101
16 239 104
17 23 845
17 34 150
17 296 807
17 399 320
18 34 683
18 152 908
18 187 613
18 243 702
18 302 286
18 321 891
18 378 724
19 27 96
19 78 105
19 85 835
19 231 309
19 254 207
19 271 325
19 281 304
20 119 508
20 307 225
20 364 1
20 381 72
21 85 89
21 91 376
21 211 951
21 237 387
21 305 467
21 390 436
22 56 842
22 99 368
22 224 205
22 254 808
22 380 263
23 221 189
24 27 711
24 120 468
24 175 977
24 190 127
24 256 909
25 88 280
25 265 58
25 279 182
26 77 582
26 102 329
26 172 60
27 101 753
27 168 606
27 187 278
27 201 20
27 252 917
27 295 279
27 374 111
28 100 109
28 119 783
28 151 904
28 155 447
28 170 901
28 250 578
28 251 910
28 278 191
28 338 952
28 371 897
29 32 394
29 80 438
29 163 256
29 187 988
29 273 627
30 49 313
30 84 278
30 114 556
30 154 496
30 229 935
30 267 708
31 205 71
31 324 918
32 67 170
32 74 816
32 234 242
32 254 671
32 264 894
32 272 242
32 284 363
32 297 742
33 130 471
33 136 460
33 224 606
33 328 846
34 47 270
34 162 659
34 309 973
34 348 532
34 350 614
35 68 654
35 165 940
35 193 712
35 295 786
36 205 214
36 278 928
36 300 634
36 308 373
36 345 326
36 361 129
37 217 21
38 117 631
38 372 948
39 174 877
39 308 796
39 324 819
39 382 174
40 96 242
40 106 115
40 111 518
41 76 727
41 189 460
41 205 6
41 323 824
41 355 499
42 263 714
42 278 233
43 98 214
43 130 31
43 273 295
43 292 136
43 358 485
44 47 453
44 54 703
44 58 627
44 144 763
44 154 695
44 198 52
44 227 563
45 70 630
45 77 122
45 112 137
45 170 593
45 341 222
45 351 314
45 373 231
46 110 29
46 134 616
46 177 50
47 55 938
47 80 734
47 89 885
47 180 972
47 271 101
48 52 480
48 76 845
48 102 679
48 115 864
48 246 246
48 390 934
49 163 624
49 171 833
49 225 621
49 301 33
50 184 482
50 188 451
50 301 45
50 370 398
51 83 980
51 108 195
51 293 419
51 360 972
51 399 32
52 230 993
53 183 263
53 283 581
53 338 396
54 59 923
54 86 776
54 99 422
54 125 98
54 275 359
54 316 326
54 333 591
54 388 668
55 160 651
55 163 759
55 192 310
55 197 840
56 248 406
56 272 476
56 397 767
57 67 420
57 190 66
57 246 729
57 294 592
58 161 14
58 195 133
58 258 818
58 292 43
58 302 616
58 359 278
59 84 242
59 168 85
59 183 842
59 247 3
59 270 701
59 286 809
59 359 125
60 92 553
60 129 71
61 67 211
61 158 694
61 188 106
61 321 608
61 348 34
61 359 570
62 75 429
62 87 130
62 245 43
62 329 27
62 340 768
62 390 555
63 112 313
63 187 274
63 247 229
63 268 607
63 281 869
63 340 176
64 224 792
65 129 705
65 142 87
65 362 361
66 69 493
66 220 703
66 280 290
66 292 976
66 357 864
67 127 72
67 176 700
67 183 148
67 275 273
67 318 224
68 95 28
68 154 949
68 159 692
69 78 445
69 130 553
69 133 61
69 222 606
69 223 457
69 279 446
69 284 932
69 385 401
70 178 510
70 242 115
70 293 20
71 118 854
71 190 323
71 196 479
71 220 218
71 271 880
71 274 577
71 370 432
72 83 562
72 267 308
72 399 926
73 177 393
73 329 145
74 228 569
74 256 602
74 286 743
75 85 1
75 90 365
75 248 437
76 155 28
76 165 527
76 200 938
76 309 397
76 392 812
77 377 40
78 87 24
78 154 468
78 244 336
78 352 142
78 380 900
79 116 436
79 213 832
79 282 262
80 88 478
80 253 910
80 264 944
80 292 94
80 340 107
81 281 931
81 394 860
82 115 590
82 368 296
83 168 106
83 174 940
83 379 383
84 229 958
84 242 769
84 336 135
84 395 161
84 399 964
85 102 561
85 143 907
85 240 55
85 254 492
85 262 276
85 389 12
86 129 299
86 156 190
86 203 251
86 282 788
86 391 528
87 90 283
87 118 787
87 173 856
87 199 728
87 216 797
87 303 385
88 134 17
88 167 110
88 258 957
88 264 650
88 302 307
89 152 585
89 243 651
89 296 394
90 99 410
90 125 862
90 256 406
90 303 16
90 335 580
91 372 827
92 248 673
92 387 285
93 173 42
93 218 816
93 259 503
93 298 571
94 174 539
95 229 352
95 248 203
96 101 466
96 121 787
96 181 513
96 237 191
96 397 424
97 143 66
97 306 832
97 315 809
97 319 780
97 338 486
97 346 789
97 392 223
98 274 634
99 107 588
99 275 533
99 288 208
99 305 699
99 332 4
99 345 392
100 158 862
100 171 133
100 236 392
100 242 226
100 245 468
100 282 16
100 294 196
100 333 160
100 381 318
101 185 160
101 345 837
102 206 451
102 221 641
103 170 885
103 254 180
103 380 736
104 113 450
104 124 36
105 138 559
105 188 971
105 257 724
105 347 84
105 384 958
106 178 372
106 327 647
106 363 859
107 111 794
107 115 622
107 232 789
107 260 614
107 271 11
107 303 126
107 342 523
107 356 484
108 126 301
108 235 43
108 278 958
108 389 836
109 251 728
109 322 333
109 364 752
110 258 52
110 301 16
110 325 369
111 166 151
111 167 354
111 176 368
111 246 618
111 269 741
111 375 991
111 394 330
112 249 80
113 138 122
113 394 911
113 399 683
114 388 136
115 118 643
115 120 338
115 210 696
115 361 750
116 117 633
116 130 666
116 229 922
116 236 871
116 320 513
116 364 927
116 375 770
116 393 347
117 171 715
117 225 92
117 372 378
118 151 249
118 163 352
118 192 628
118 211 867
118 224 522
118 358 167
119 175 313
119 210 179
119 266 877
120 134 135
120 185 548
120 353 749
120 371 695
121 248 484
121 260 236
121 318 52
121 333 42
121 346 296
122 150 550
122 162 530
122 295 644
123 147 583
123 192 860
123 201 58
123 355 83
124 349 859
124 364 4
125 176 441
125 219 827
125 273 715
125 302 378
125 366 309
126 173 145
126 251 864
126 252 118
126 272 808
126 325 948
126 358 797
126 398 432
127 170 528
127 181 727
127 199 708
127 235 184
127 389 785
128 181 599
128 247 220
128 308 137
128 353 580
129 184 934
129 323 608
130 294 224
130 308 723
131 307 45
132 176 742
132 319 527
133 161 627
133 267 353
134 191 3
134 372 202
134 375 360
135 158 924
135 258 176
135 293 26
136 186 644
137 197 642
137 203 470
137 327 167
138 206 815
138 361 632
139 237 802
139 354 502
140 200 181
140 233 547
140 238 564
140 295 826
140 382 487
141 298 920
141 379 698
141 396 972
142 211 28
142 264 77
142 334 950
142 379 772
143 153 227
143 347 801
143 373 557
144 166 728
144 186 342
144 248 758
144 278 993
145 183 727
145 359 861
145 394 280
146 239 414
146 245 374
146 278 174
146 320 175
146 393 116
147 148 115
147 310 651
148 364 134
149 154 434
149 345 692
149 354 216
149 363 556
150 363 224
151 300 538
151 329 53
151 394 620
152 281 989
152 351 283
152 381 880
153 193 972
153 215 438
153 269 173
153 312 381
154 192 76
154 242 599
154 359 110
154 365 362
155 281 250
155 326 86
156 164 921
156 194 534
156 231 1000
156 232 689
156 325 712
156 356 793
156 380 571
157 227 410
157 346 126
158 191 269
158 212 771
158 275 971
158 309 444
158 347 629
159 254 288
160 193 135
160 256 919
161 241 664
162 323 326
163 258 821
163 278 24
163 284 629
163 326 158
163 375 680
164 201 250
164 306 810
164 360 159
165 260 303
165 334 517
165 335 153
166 221 684
166 243 320
167 260 394
167 353 968
167 391 236
168 277 775
168 344 211
169 254 394
170 185 266
170 216 454
170 239 769
170 255 908
171 255 775
171 314 488
171 395 748
172 237 890
172 238 18
173 273 494
173 340 824
174 319 581
174 357 185
174 376 598
175 209 509
175 335 159
176 194 961
176 305 252
176 322 135
177 394 78
178 212 544
178 261 741
178 299 266
178 315 100
179 197 187
179 203 310
179 229 505
179 240 788
179 247 72
179 262 116
179 368 219
179 389 298
180 344 995
181 234 490
181 292 273
181 313 434
181 350 806
182 281 152
182 309 254
182 384 992
182 391 633
183 208 974
183 239 118
183 354 317
183 366 49
184 188 867
184 238 665
184 270 43
184 300 409
184 328 506
184 358 220
185 322 424
186 240 791
186 271 808
186 333 680
186 367 146
187 274 162
187 293 991
188 305 440
189 213 263
189 342 530
190 270 930
190 275 806
190 320 794
190 376 897
190 389 301
190 397 109
191 293 154
191 319 388
191 385 769
191 390 277
192 209 32
192 247 464
192 258 719
192 316 785
192 365 444
193 233 838
193 319 667
193 337 301
193 349 733
193 384 598
194 199 209
194 308 488
194 367 533
194 386 871
195 214 777
195 241 568
196 243 350
196 314 936
196 375 490
197 213 468
197 256 326
197 276 949
197 327 944
198 233 101
198 356 723
200 354 999
200 357 691
200 374 768
201 261 739
201 323 82
202 209 541
203 220 314
203 268 916
203 293 444
203 312 494
203 338 360
204 325 279
204 331 321
204 387 920
204 399 622
205 237 836
205 241 574
205 348 70
206 210 994
206 301 212
206 338 783
207 210 343
207 266 8
207 308 753
208 217 379
208 351 592
209 252 539
209 373 553
210 338 655
210 355 678
211 249 121
211 383 640
211 393 524
212 297 586
212 372 572
212 373 149
212 380 120
213 346 857
213 372 815
214 238 237
214 338 257
214 341 157
215 371 216
217 270 379
217 280 479
217 305 534
218 278 523
218 280 586
218 291 476
219 221 334
219 379 51
219 391 567
220 239 286
220 293 898
221 250 231
221 293 608
221 346 966
221 353 938
221 373 247
222 295 634
222 386 563
224 339 673
226 265 176
226 279 303
226 311 821
226 343 61
227 231 572
228 308 484
228 314 455
229 386 371
230 267 657
230 339 244
230 399 800
231 248 690
231 381 431
231 398 553
232 261 218
232 277 440
232 352 800
233 297 621
233 366 77
234 251 890
234 277 933
234 280 907
235 280 112
236 257 192
236 299 373
236 391 251
237 240 667
237 306 41
237 315 116
237 333 925
237 347 922
238 368 597
238 385 127
239 253 407
240 243 875
241 244 29
241 279 528
241 317 870
241 379 182
242 287 126
242 332 571
242 335 222
243 249 495
243 251 610
243 292 16
243 306 364
243 312 92
243 372 280
244 345 416
244 398 569
245 273 56
245 278 805
245 287 155
245 296 511
246 249 605
247 278 960
248 286 539
248 358 894
248 360 720
249 339 38
252 333 201
252 376 130
253 277 183
253 323 95
253 361 931
253 373 594
254 304 809
254 375 783
255 296 731
256 358 604
257 365 54
257 385 403
259 281 823
260 277 995
260 310 35
260 331 584
260 395 31
261 336 739
261 340 999
261 354 673
261 397 482
262 263 133
262 268 261
262 283 985
263 285 458
264 290 742
264 368 936
265 349 752
265 374 814
267 388 928
268 338 365
268 355 669
268 376 55
269 342 282
270 299 570
272 290 539
273 292 403
273 328 290
274 318 400
274 360 550
274 389 689
275 288 386
275 316 315
276 309 514
276 329 580
276 396 112
277 285 297
277 313 21
278 344 673
279 301 902
279 352 141
280 303 817
280 307 405
282 288 851
282 349 346
283 366 282
284 292 36
284 307 292
285 300 416
286 344 88
286 367 44
287 324 532
288 318 956
288 392 117
289 320 404
289 396 50
290 367 550
290 395 329
291 294 243
291 296 418
291 340 965
294 305 808
294 307 926
294 348 810
295 348 24
295 362 104
297 370 365
299 361 70
299 366 688
299 386 701
299 390 92
300 314 982
301 345 499
301 350 208
301 397 263
302 336 825
303 306 908
304 329 726
306 380 134
308 354 709
310 352 329
311 334 73
311 361 976
314 335 922
314 363 721
316 358 106
317 319 170
317 390 37
318 361 149
319 347 265
320 349 170
320 375 700
320 393 200
321 348 84
323 366 979
324 362 126
325 353 735
325 392 769
326 329 682
327 346 807
328 339 763
328 383 345
329 357 307
329 367 187
330 378 250
331 347 861
331 390 561
333 387 546
333 390 534
334 369 682
334 378 691
334 386 354
334 388 864
337 341 66
338 341 265
342 351 830
345 357 983
345 375 257
346 364 834
350 396 716
352 380 736
353 367 111
355 366 242
361 368 547
361 385 238
361 391 191
362 395 206
363 383 695
366 382 491
366 396 510
367 371 612
371 392 470
373 385 824
377 385 60
379 386 156
379 396 583
385 390 812
0 0
