17
4 9
2 3 5 10
2 7
2 4
3 18
1 9 10
9 20
1 2 3 5 7 11 13 17 23
2 103
2 3
1 1
1
1 1000
1
19 1000
10 20 30 40 50 60 70 80 90 101 201 301 401 501 601 701 801 901 999
17 1000
500 984 985 986 987 988 989 990 991 992 993 994 995 996 997 998 999
10 1000
101 201 301 401 501 601 701 801 901 1001
10 1000
1 2 3 4 5 6 7 8 9 10
100 1000
824 8 348 588 185 954 673 189 162 956 829 720 763 360 910 165 53 278 44 299 745 479 793 255 509 637 790 964 63 638 953 273 690 117 217 920 155 946 166 11 795 848 775 12 993 887 421 482 684 102 836 893 420 958 828 994 95 395 206 388 722 91 451 574 467 635 746 260 386 628 203 825 199 402 327 619 584 739 428 930 483 718 774 919 403 472 603 60 233 430 539 277 372 508 748 168 579 207 56 454
99 920
266 382 263 814 800 328 37 743 517 184 753 78 620 709 75 846 843 758 791 327 69 833 767 6 51 720 919 491 188 460 821 3 221 618 39 305 700 757 251 838 458 798 369 515 528 361 93 267 317 99 91 616 465 538 445 293 348 321 536 81 768 109 559 174 110 907 891 470 30 227 199 34 509 291 63 407 883 29 657 284 648 886 639 466 160 5 784 121 324 903 371 467 169 133 189 698 258 824 779
50 203
42 66 32 143 121 117 73 113 180 70 139 24 131 165 76 106 6 50 177 201 28 62 164 18 181 124 115 151 72 9 183 68 81 48 84 190 132 114 176 79 34 125 160 77 60 179 86 26 120 99
100 999
840 332 876 493 733 579 5 423 326 230 869 512 613 825 64 108 668 858 897 273 984 746 414 360 103 610 467 101 960 730 3 997 534 593 214 586 418 582 84 118 151 416 459 344 554 515 494 821 486 987 27 791 67 887 327 375 546 963 917 450 7 888 718 350 883 318 129 166 78 694 672 591 640 77 658 302 688 916 320 482 502 269 692 335 759 402 126 793 653 311 137 465 828 614 910 275 682 517 390 646
4 999
840 332 876 493
9 999
840 332 876 493 733 579 5 423 326
