3
10 1
2 3 9
2 3 9
2
10 10
1 1
1 1
3
1000 9
3 100 2
10 11 12
2
10000 1
1 1
2 3
10
1000 3
1 4 2 5 8 3 9 2 1 3
4 6 8 5 9 8 4 17 8 99
3
410 10
654 628 456
36 146 211
30
673 2
517 336 491 646 191 312 242 313 649 817 433 521 877 716 153 500 196 300 956 254 776 182 133 261 859 875 692 627 693 130
335 548 283 570 309 90 329 20 378 27 663 411 521 53 441 630 572 361 148 595 279 357 218 266 652 212 538 348 111 144
92
393 19
54 255 313 818 67 157 45 997 911 266 242 246 710 383 51 994 209 197 39 505 183 401 56 47 940 92 735 766 398 483 497 701 451 752 35 630 873 13 799 36 399 316 647 464 780 751 713 554 861 270 447 468 221 514 168 404 399 7 818 429 772 359 521 553 253 941 185 446 344 167 193 735 271 902 261 945 802 793 517 387 978 625 923 404 540 294 658 747 198 807 94 870
344 107 23 64 158 256 327 34 204 139 308 201 28 102 37 323 377 348 317 347 378 227 244 206 124 252 132 94 31 179 318 2 253 181 49 251 285 238 144 84 193 390 304 59 252 21 111 256 43 169 153 180 301 181 211 187 168 237 245 191 359 256 205 196 341 16 88 16 354 317 346 327 214 1 362 151 324 380 195 154 159 118 130 4 320 280 330 164 222 231 30 330
74
947 21
180 722 120 155 707 690 813 233 523 267 361 370 234 647 182 538 214 350 576 802 632 800 139 1 693 849 184 903 226 249 495 444 933 892 204 310 512 937 326 173 236 417 134 857 386 560 905 52 85 434 709 869 164 45 463 416 547 742 181 770 451 352 950 96 155 302 688 512 484 472 885 203 270 790
87 316 220 164 451 285 603 880 660 246 536 811 747 480 782 700 367 263 96 640 418 787 542 339 11 753 772 191 386 164 679 22 270 35 464 395 165 696 513 469 729 577 499 803 37 349 323 726 585 881 645 818 369 922 441 244 93 278 708 60 506 264 317 720 192 113 684 867 398 606 596 763 34 400
4
442 22
586 949 294 855
66 69 386 173
41
221 24
27 631 284 700 15 419 77 984 491 787 222 550 168 333 907 972 974 666 621 819 7 115 752 977 443 490 310 96 406 437 723 45 640 233 759 261 927 884 971 990 243
140 39 208 120 90 134 174 41 56 130 187 111 0 184 13 21 158 194 189 194 158 209 115 56 71 68 123 169 182 135 71 165 62 182 12 188 209 123 112 123 17
59
140 16
112 458 440 633 282 992 537 229 851 895 450 165 255 52 313 483 117 537 984 843 833 298 366 434 800 757 558 959 414 406 425 874 81 487 743 791 38 389 558 188 325 721 262 827 882 956 351 599 858 404 860 572 57 469 2 239 980 362 856
92 136 19 117 7 111 64 131 3 136 80 80 16 81 14 116 29 3 38 83 21 95 113 95 5 11 122 105 38 50 59 68 63 3 2 19 59 106 103 7 80 65 60 117 137 103 96 61 47 114 131 132 88 139 54 116 101 13 35
76
352 3
118 532 325 887 430 154 590 269 380 346 605 982 302 81 21 706 225 579 426 933 495 46 382 21 1 617 283 549 849 968 997 471 171 3 574 950 183 700 255 827 986 858 257 937 738 98 716 86 17 536 177 468 307 159 492 526 20 412 908 580 999 726 435 925 927 344 475 12 433 769 398 389 675 688 343 248
55 240 273 29 294 71 86 62 41 80 23 44 221 211 42 158 282 232 160 130 297 283 185 268 234 179 18 41 288 56 110 303 319 157 111 281 30 323 0 71 232 1 228 114 70 92 146 285 294 132 213 313 200 245 312 122 314 131 249 78 96 47 149 175 181 157 134 104 174 108 10 334 56 205 81 51
95
88 20
114 666 712 322 775 155 839 162 828 777 791 153 181 230 749 757 492 966 430 266 521 258 680 250 178 864 624 625 776 664 443 638 645 388 133 189 767 425 556 156 385 849 767 687 138 848 117 821 762 464 653 637 784 97 2 884 571 571 560 701 692 914 350 428 200 998 468 957 120 401 972 680 28 673 321 901 393 901 732 632 24 356 665 545 30 816 887 836 349 254 997 718 962 690 763
61 83 23 61 40 2 64 44 40 4 73 47 80 64 81 49 37 0 3 3 66 3 33 29 16 50 52 42 10 42 26 80 45 75 28 18 86 0 82 9 29 79 38 43 70 85 68 43 38 84 78 64 62 33 25 14 48 33 56 81 38 45 18 79 66 82 60 47 59 82 75 55 18 32 64 61 45 63 60 4 85 25 73 52 84 15 17 30 30 78 70 39 8 68 69
8
892 19
700 477 976 362 974 362 513 739
515 753 233 564 103 391 411 94
76
126 10
55 881 368 549 449 6 339 400 329 675 988 136 41 871 131 187 473 185 105 134 478 160 76 718 666 94 309 993 328 854 801 828 57 347 113 355 288 857 480 530 57 318 552 704 375 249 788 548 733 401 594 653 337 103 158 819 829 797 153 375 963 242 419 869 524 711 235 632 542 380 354 813 72 140 848 18
100 104 97 19 43 102 66 91 90 107 40 120 15 92 11 34 116 120 109 4 10 28 63 76 122 65 3 65 76 103 81 119 35 85 113 17 87 24 56 27 117 84 5 124 19 84 47 100 87 7 87 16 23 108 86 23 31 51 59 26 63 92 3 35 120 79 19 100 10 20 41 75 61 36 1 1
35
430 1
123 728 556 923 453 633 303 20 297 72 718 235 509 106 908 661 335 81 605 981 916 487 419 506 310 844 958 14 68 996 440 382 146 474 985
347 144 125 429 429 57 326 335 374 368 238 168 221 157 314 296 395 253 189 157 302 197 329 109 91 263 363 129 428 354 87 129 31 67 424
3
871 13
966 395 150
646 104 302
44
439 20
715 264 365 630 977 744 923 291 135 274 417 772 40 197 71 999 861 516 414 743 446 67 768 940 617 3 27 516 606 950 733 240 429 410 311 59 426 944 990 279 297 484 511 548
425 326 57 99 139 434 116 222 85 141 96 107 157 247 118 138 433 266 361 249 83 252 70 38 33 232 86 328 414 242 11 227 344 141 414 72 222 387 302 162 158 66 35 167
78
418 14
158 58 431 331 396 221 10 45 3 34 144 940 541 54 201 489 334 767 218 530 570 898 824 264 962 797 784 855 481 611 60 847 812 180 959 558 774 803 171 942 158 841 946 360 23 781 921 83 188 348 86 101 529 575 313 737 944 465 253 665 48 440 65 333 344 814 960 13 224 82 314 691 345 928 216 907 279 691
119 84 131 77 139 277 392 108 66 55 107 372 95 127 122 263 279 50 12 361 292 32 174 273 90 285 269 287 242 316 309 50 180 86 173 417 235 370 287 330 366 57 217 157 376 130 383 22 228 373 190 271 324 259 376 91 373 314 20 304 75 173 225 335 42 400 81 280 56 161 234 324 280 345 156 202 97 263
100
1000 0
979 676 851 886 232 733 964 137 281 314 711 543 502 61 288 539 947 375 680 700 901 975 680 503 380 39 243 481 331 534 469 387 265 346 409 83 194 473 46 347 733 440 780 583 127 136 911 487 817 330 979 457 140 515 935 885 491 396 475 700 174 594 474 430 488 27 14 522 456 630 925 532 910 211 402 496 134 816 582 999 510 159 959 335 659 282 412 875 232 647 418 193 369 514 195 865 442 507 492 417
781 323 60 999 3 408 277 942 318 40 23 166 587 433 39 303 898 836 758 574 432 885 704 685 623 720 362 473 339 565 386 451 116 985 565 428 200 606 886 343 426 858 953 55 38 547 690 763 441 977 400 205 626 14 786 951 840 675 713 574 156 204 830 961 727 916 6 16 962 969 823 546 815 865 716 796 115 542 90 866 125 699 439 429 685 936 976 185 502 975 418 38 738 950 117 353 759 555 305 782
100
1000 0
555 81 541 234 692 303 382 571 921 458 571 52 286 322 904 702 983 520 638 683 340 717 894 36 48 631 556 640 374 229 115 164 342 785 716 482 148 964 267 302 816 784 301 233 405 680 8 491 392 451 878 387 670 213 239 796 983 878 12 141 682 959 17 68 661 95 606 877 302 595 938 842 552 745 36 507 77 13 661 69 287 85 894 72 56 570 599 101 986 350 580 168 375 344 156 571 820 192 159 338
771 570 463 88 982 226 80 180 307 756 803 493 469 621 566 659 497 113 35 142 317 424 535 975 2 325 979 217 267 76 611 688 204 947 278 15 394 109 984 177 961 225 528 679 269 238 198 455 968 189 1 912 500 720 249 423 418 435 482 207 344 29 901 168 848 421 681 693 885 589 343 388 363 705 67 73 826 565 453 809 159 646 71 355 57 205 708 61 216 82 947 880 52 889 230 902 64 398 393 613
100
1000 0
51 269 876 582 990 848 773 668 173 95 948 490 793 504 886 549 734 700 143 643 313 733 759 664 563 78 328 687 533 456 438 742 658 368 233 159 28 14 717 870 969 152 817 483 114 748 705 49 932 191 19 606 875 828 399 878 718 86 501 800 39 814 791 318 10 620 99 190 952 230 61 636 308 155 622 467 780 170 310 217 297 169 361 99 298 531 34 298 30 300 416 29 232 67 364 626 454 349 552 200
760 348 594 917 203 334 921 973 672 902 307 819 254 125 522 52 507 952 546 768 850 534 814 697 598 30 755 455 82 70 695 666 184 145 200 144 801 837 344 940 174 709 921 566 682 162 412 909 544 152 458 409 283 235 954 440 468 482 315 437 453 30 15 663 200 890 212 858 597 661 211 381 859 61 638 704 498 17 365 200 506 955 716 454 213 267 279 275 204 347 710 96 194 865 744 540 954 285 560 87
100
1000 0
531 336 72 302 212 54 584 99 958 791 613 593 509 300 187 56 790 287 364 393 938 177 377 502 835 762 410 174 947 848 25 95 324 609 574 292 931 977 424 908 812 502 961 633 280 965 834 286 214 897 586 195 994 776 692 699 745 115 275 58 936 977 207 429 617 807 703 92 818 121 631 427 778 300 353 222 694 997 127 705 833 259 447 154 232 565 245 633 870 337 551 629 62 405 946 111 485 486 319 438
112 220 455 61 282 179 636 948 975 607 459 50 23 566 93 945 341 699 515 236 798 76 865 61 15 852 816 794 383 864 563 771 171 5 967 108 634 704 377 74 611 230 148 871 572 465 244 895 950 228 145 709 47 421 592 981 562 165 328 112 264 441 942 357 558 714 942 74 675 61 984 258 700 160 522 376 977 797 488 474 347 216 959 904 506 472 591 638 929 325 10 833 811 390 921 950 912 604 370 302
100
1000 0
858 969 925 930 373 363 816 30 203 361 863 837 735 271 250 314 326 475 381 359 479 873 566 867 241 78 563 186 538 891 758 867 728 379 830 888 267 916 208 690 888 640 19 828 502 390 890 756 236 233 492 632 617 577 200 860 378 642 115 549 910 951 913 75 608 874 196 935 11 424 481 496 701 392 984 428 157 578 678 742 950 389 47 41 941 582 396 559 492 483 520 408 553 834 102 777 818 349 288 630
932 144 922 873 378 555 45 684 669 724 540 375 327 50 953 521 742 210 241 657 804 690 279 734 359 677 338 918 904 413 580 137 283 971 575 482 412 373 819 657 74 932 158 996 320 403 237 266 190 194 502 683 482 300 921 918 288 402 191 9 398 815 289 82 393 268 824 846 726 91 579 742 802 498 674 484 705 237 504 425 585 256 966 898 365 642 141 624 624 806 64 157 213 572 610 286 519 665 271 883
0
